CL: 133 <= -1 105 12 127 6 126 11 90 5 85
CL: 134 <= -1 84 11 127 5 126 12 111 6 106 18 128 17 133 16 74 10 70 4 65
CL: 135 <= -1 91 23 129 11 127 24 116 12 111 18 128 16 64 10 63
CL: 136 <= -1 86 23 129 5 126 24 112 6 105
CL: 137 <= -1 86 23 129 5 126 24 116 6 106
CL: 138 <= -1 107 24 129 6 126 23 91 5 84 11 127 10 69 16 128 18 137 12 136 4 135
CL: 139 <= -1 63 10 127 4 126 12 112 6 107 24 129 23 95 11 90 5 85 17 138 22 134 21 57 15 54 9 50 3 45
CL: 140 <= -1 92 29 130 11 127 30 120 12 112
CL: 141 <= -1 113 30 130 12 127 29 99 11 91 23 129 24 140 28 75 10 69
CL: 142 <= -1 71 28 130 10 127 29 99 11 91 23 129 30 117 24 116 12 111 18 128 16 141 21 44 15 43 9 42
CL: 143 <= -1 87 29 130 5 126 30 120 6 107
CL: 144 <= -1 108 30 130 6 126 29 99 5 86 23 129 24 143 28 75 4 64
CL: 145 <= -1 130 29 99 28 66 23 129 4 137 30 117 24 116 18 128 16 144 21 49 15 48
CL: 146 <= -1 87 29 130 5 126 28 71 4 63
CL: 147 <= -1 66 28 130 4 126 29 92 5 84 11 127 10 146 30 117 12 111 6 106
CL: 148 <= -1 66 28 130 4 126 30 113 6 105 12 127 29 99 11 91 5 86
CL: 149 <= -1 126 5 84 4 66 11 127 28 140 12 112 6 107
CL: 150 <= -1 87 29 130 5 126 30 113 6 105
CL: 151 <= -1 108 30 130 6 126 29 92 5 84 11 127 12 150 28 75 4 64 16 128 15 53 21 129 24 149 23 148
CL: 152 <= -1 108 30 130 6 126 29 99 5 86 23 129 21 53 24 143 15 128 28 71 16 69 4 63 10 151 18 147 9 145 3 142
CL: 153 <= -1 92 29 130 11 127 30 117 12 111 18 128 15 43 9 42
CL: 154 <= -1 87 29 130 5 126 30 117 6 106
CL: 155 <= -1 108 30 130 6 126 29 92 5 84 11 127 9 48 15 128 18 154 12 150 3 153 28 78 16 74 10 70 4 65 22 152
CL: 156 <= -1 113 30 130 12 127 28 78 10 70
CL: 157 <= -1 71 28 130 10 127 30 120 12 112 24 129 22 156 21 44 9 42
CL: 158 <= -1 120 30 130 24 129 28 66 22 65
CL: 159 <= -1 78 28 130 22 129 30 108 24 107 6 126 4 158
CL: 160 <= -1 113 30 130 12 127 28 66 10 63
CL: 161 <= -1 130 28 71 30 108 10 133 6 126 4 160 9 49 21 159 3 157 29 96 23 95 11 90 5 85 17 155 27 139 26 39 20 37 14 34 8 30 2 25
CL: 162 <= -1 112 24 129 12 127 23 95 11 90 17 135 22 65 10 63
CL: 163 <= -1 112 24 129 12 127 23 95 11 90
CL: 164 <= -1 91 23 129 11 127 24 116 12 111 18 128 17 163 22 78 16 75 10 71
CL: 165 <= -1 118 36 131 18 128 35 100 17 95
CL: 166 <= -1 97 35 131 17 128 36 121 18 116 24 129 23 165 34 72 22 70 16 69
CL: 167 <= -1 114 36 131 12 127 35 97 11 90
CL: 168 <= -1 93 35 131 11 127 36 118 12 111 18 128 17 167 34 79 16 74
CL: 169 <= -1 131 34 76 35 93 16 128 11 127 36 121 18 116 12 112
CL: 170 <= -1 76 34 131 16 128 36 114 18 111 12 127 35 100 11 91 23 129 24 169 17 163 22 168 10 166 33 46 21 44 15 43 9 42
CL: 171 <= -1 109 36 131 6 126 35 97 5 85
CL: 172 <= -1 88 35 131 5 126 36 118 6 106 18 128 17 171 34 79 16 74 4 65
CL: 173 <= -1 97 35 131 17 128 36 121 18 116 24 129 23 165 34 67 16 64
CL: 174 <= -1 107 24 129 6 126 23 95 5 85
CL: 175 <= -1 109 36 131 6 126 35 100 5 86
CL: 176 <= -1 88 35 131 5 126 36 121 6 107 24 129 23 175 34 76 16 128 17 174 18 137 4 173 22 172 33 51 21 49 15 48
CL: 177 <= -1 93 35 131 11 127 36 118 12 111 18 128 17 167 33 58 15 53
CL: 178 <= -1 114 36 131 12 127 35 100 11 91
CL: 179 <= -1 93 35 131 11 127 36 121 12 112 24 129 23 178 33 55 15 162 21 177 34 67 22 65 16 64 10 63
CL: 180 <= -1 88 35 131 5 126 36 118 6 106 18 128 17 171 33 58 15 53
CL: 181 <= -1 88 35 131 5 126 36 121 6 107 24 129 23 175 33 55 15 128 18 137 17 174 21 180 34 72 22 70 16 69
CL: 182 <= -1 84 11 127 5 126 12 111 6 106
CL: 183 <= -1 88 35 131 5 126 36 114 6 105
CL: 184 <= -1 109 36 131 6 126 35 93 5 84 11 127 12 183 34 76 16 128 33 58 15 53
CL: 185 <= -1 138 22 134
CL: 186 <= -1 107 24 129 6 126 23 91 5 84 11 127 12 136
CL: 187 <= -1 109 36 131 6 126 35 93 5 84 11 127 12 183 34 79 22 186 33 55 15 185 21 184 18 182 17 133 10 181 4 179 9 176 3 170 20 36 14 33 8 29 2 24
CL: 188 <= -1 173 22 65
CL: 189 <= -1 117 30 130 18 128 29 99 17 95
CL: 190 <= -1 96 29 130 17 128 30 120 18 116 24 129 23 189 28 81 22 79 16 76
CL: 191 <= -1 123 36 131 30 130 35 97 29 96
CL: 192 <= -1 102 35 131 29 130 36 118 30 117 18 128 17 191 28 78 16 74
CL: 193 <= -1 121 36 131 24 129 35 97 23 95
CL: 194 <= -1 130 29 102 28 75 35 131 16 128 36 121 30 120 18 116
CL: 195 <= -1 130 30 123 28 75 36 131 16 165 35 100 29 99 23 129 24 194 17 193 22 192 34 190 33 51 27 50 21 49 15 48
CL: 196 <= -1 128 17 96 18 111 29 156 12 127
CL: 197 <= -1 117 30 130 18 128 29 92 17 90 11 196 16 74 10 70
CL: 198 <= -1 96 29 130 17 128 30 120 18 116 24 129 23 189 16 141 22 197 28 164 27 60 21 58 15 55
CL: 199 <= -1 131 35 102 36 114 29 156 12 127
CL: 200 <= -1 123 36 131 30 130 35 93 29 92 11 199 34 79 28 78 10 70
CL: 201 <= -1 72 10 163 34 193
CL: 202 <= -1 123 36 131 30 130 35 100 29 99
CL: 203 <= -1 102 35 131 29 130 36 121 30 120 24 129 23 202 34 72 28 71
CL: 204 <= -1 113 30 130 12 127 29 99 11 91 23 129 24 140
CL: 205 <= -1 93 35 131 11 127 36 121 12 112 24 129 23 178 34 81 28 204 10 203 22 200 27 54 21 53
CL: 206 <= -1 128 18 111 16 76 12 127 34 178 11 91 23 129 24 169 17 163 22 168 10 166
CL: 207 <= -1 113 30 130 12 127 29 96 11 90
CL: 208 <= -1 92 29 130 11 127 30 117 12 111 18 128 17 207 28 81 16 76 10 72
CL: 209 <= -1 102 35 131 29 130 36 118 30 117 18 128 17 191 28 71 16 69
CL: 210 <= -1 102 35 131 29 130 36 114 30 113
CL: 211 <= -1 123 36 131 30 130 35 93 29 92 11 127 12 210 28 75 16 177 10 209 34 208 27 57 21 206 15 205 33 198 9 195 20 23 14 22 8 21
CL: 212 <= -1 128 17 174 18 137 22 78 16 75 4 66
CL: 213 <= -1 144 22 74
CL: 214 <= -1 181 4 63
CL: 215 <= -1 159 29 96 5 85
CL: 216 <= -1 65 22 129 4 154 24 116 18 128 17 215 23 189 16 213 28 212 20 28 14 27
CL: 217 <= -1 128 17 133 16 75 10 71 4 66
CL: 218 <= -1 108 30 130 6 126 29 96 5 85 17 128 16 69 4 63
CL: 219 <= -1 108 30 130 6 126 29 92 5 84 11 127 12 150 4 64 16 128 17 207 10 218 28 217
CL: 220 <= -1 215 23 95
CL: 221 <= -1 108 30 130 6 126 29 99 5 86 23 129 24 143 28 71 22 70 4 63
CL: 222 <= -1 159 29 92 5 84 11 127 12 150 28 78 4 65 22 129 24 149 23 148 10 221 20 32 14 219 18 147 8 216 27 60 21 58 15 55 9 51 3 46
CL: 223 <= -1 167 10 79 4 70 22 201
CL: 224 <= -1 88 35 131 5 126 36 121 6 107 24 129 23 175 34 72 22 70 4 63
CL: 225 <= -1 93 35 131 11 127 36 121 12 112 24 129 23 178 34 67 22 65
CL: 226 <= -1 109 36 131 6 126 35 93 5 84 11 127 12 183 34 79 22 186 4 225 10 224 20 32 8 27
CL: 227 <= -1 182 18 217 10 71 4 66
CL: 228 <= -1 93 35 131 11 127 36 118 12 111 18 128 17 167 34 67 16 64 10 63
CL: 229 <= -1 128 17 133 18 182 16 76 10 72
CL: 230 <= -1 88 35 131 5 126 36 118 6 106
CL: 231 <= -1 109 36 131 6 126 35 93 5 84 11 127 10 69 16 128 18 230 17 171 12 183 34 229 4 228
CL: 232 <= -1 88 35 131 5 126 36 121 6 107 24 129 23 175 34 76 16 128 17 174 18 137 4 188 20 28 8 231 22 172 14 226 21 57 15 54 9 50 3 45
CL: 233 <= -1 75 28 202 16 165 23 129 24 194 17 193 22 192 34 190 20 28 14 27
CL: 234 <= -1 93 35 131 11 127 36 121 12 112 24 129 23 178 34 81 28 204 10 203
CL: 235 <= -1 93 35 131 11 127 36 118 12 111
CL: 236 <= -1 123 36 131 30 130 35 93 29 92 11 127 12 210 28 75 16 128 18 235 17 167 10 209 34 208 14 32 20 234 22 200 8 233 21 44 15 43 9 42
CL: 237 <= -1 108 30 130 6 126 29 96 5 85 17 128 18 154 28 81 16 76 4 67
CL: 238 <= -1 102 35 131 29 130 36 118 30 117 18 128 17 191 28 66 16 64
CL: 239 <= -1 109 36 131 6 126 35 102 5 87
CL: 240 <= -1 88 35 131 5 126 36 123 6 108 30 130 29 239 28 75 16 180 4 238 34 237 15 53
CL: 241 <= -1 108 30 130 6 126 29 99 5 86 23 129 24 143 28 81 22 79 4 67
CL: 242 <= -1 131 35 102 36 121 29 158 24 129 23 202 28 66 22 65
CL: 243 <= -1 78 28 130 22 129 30 123 24 121 36 131 35 88 5 159 29 239 23 175 4 242 34 241 21 240 20 28 14 27
CL: 244 <= -1 108 30 130 6 126 29 92 5 84 11 127 9 48 12 150 15 237 28 81 10 72 4 67
CL: 245 <= -1 123 36 131 30 130 35 93 29 92 11 127 9 48 12 210 15 238 28 66 10 63
CL: 246 <= -1 88 35 131 5 126 36 123 6 108
CL: 247 <= -1 109 36 131 6 126 35 93 5 84 11 127 9 48 15 128 16 75 10 71 28 130 30 246 29 239 17 171 18 230 12 183 4 245 34 244
CL: 248 <= -1 108 30 130 6 126 29 92 5 84 11 127 9 49 12 150 21 241 28 81 10 72 4 67
CL: 249 <= -1 123 36 131 30 130 35 93 29 92 11 127 9 49 12 210 21 242 28 66 10 63
CL: 250 <= -1 131 36 121 35 88 24 129 5 159
CL: 251 <= -1 109 36 131 6 126 35 93 5 84 11 127 9 49 21 250 22 78 10 71 28 130 30 246 29 239 23 175 12 183 4 249 34 248 20 32 14 247 8 243 3 236 27 232 33 222 2 211 26 187 32 161 31 20 25 19 19 17 13 14 7 10 1 5
CL: 252 <= -1 116 24 129 18 128 23 99 17 96
CL: 253 <= -1 122 42 132 24 129 41 98 23 95
CL: 254 <= -1 101 41 132 23 129 42 119 24 116 18 128 17 253 40 73 22 70 16 69
CL: 255 <= -1 111 18 128 12 127 17 96 11 92
CL: 256 <= -1 115 42 132 12 127 41 98 11 90
CL: 257 <= -1 94 41 132 11 127 42 119 12 111 18 128 17 256 40 80 16 74
CL: 258 <= -1 112 24 129 12 127 23 99 11 92
CL: 259 <= -1 91 23 129 11 127 24 116 12 111
CL: 260 <= -1 101 41 132 23 129 42 115 24 112
CL: 261 <= -1 122 42 132 24 129 41 94 23 91 11 127 12 260 40 77 16 128 18 259 17 163 22 257 10 254 39 47 21 44 15 43 9 42
CL: 262 <= -1 110 42 132 6 126 41 98 5 85
CL: 263 <= -1 89 41 132 5 126 42 119 6 106 18 128 17 262 40 73 16 69 4 63
CL: 264 <= -1 94 41 132 11 127 42 119 12 111 18 128 17 256 40 68 16 64
CL: 265 <= -1 89 41 132 5 126 42 115 6 105
CL: 266 <= -1 110 42 132 6 126 41 94 5 84 11 127 12 265 40 77 16 128 18 182 17 133 4 264 10 263 39 59 15 53 9 49
CL: 267 <= -1 101 41 132 23 129 42 119 24 116 18 128 17 253 39 52 15 48
CL: 268 <= -1 122 42 132 24 129 41 94 23 91 11 127 12 260 39 56 15 162 9 267 40 68 22 65 16 64 10 63
CL: 269 <= -1 89 41 132 5 126 42 119 6 106 18 128 17 262 40 80 16 74
CL: 270 <= -1 110 42 132 6 126 41 101 5 86
CL: 271 <= -1 89 41 132 5 126 42 122 6 107 24 129 23 270 40 77 16 128 17 174 18 137 22 269 39 52 15 48
CL: 272 <= -1 174 17 185 22 134
CL: 273 <= -1 186 22 80 10 73
CL: 274 <= -1 89 41 132 5 126 42 122 6 107
CL: 275 <= -1 110 42 132 6 126 41 94 5 84 11 127 10 70 22 129 24 274 23 270 12 265 40 273 39 56 15 272 9 271 4 268 21 266 3 261 38 40 20 36 14 33 8 29 2 24
CL: 276 <= -1 124 42 132 30 130 41 98 29 96
CL: 277 <= -1 103 41 132 29 130 42 119 30 117 18 128 17 276 40 73 28 71 16 69
CL: 278 <= -1 82 40 256 28 207
CL: 279 <= -1 103 41 132 29 130 42 115 30 113
CL: 280 <= -1 124 42 132 30 130 41 94 29 92 11 127 12 279 40 77 28 75
CL: 281 <= -1 132 40 82 41 94 28 130 11 127 42 119 30 117 12 111 29 255 18 128 16 280 17 278 10 277 39 59 27 57 15 53 9 49
CL: 282 <= -1 120 24 129 30 130 23 189 29 252 28 82 22 80 16 77
CL: 283 <= -1 78 22 260 28 279
CL: 284 <= -1 78 28 276 22 253
CL: 285 <= -1 103 41 132 29 130 42 119 30 117 18 128 28 78 16 74
CL: 286 <= -1 124 42 132 30 130 41 101 29 99
CL: 287 <= -1 103 41 132 29 130 42 122 30 120 24 129 23 286 28 75 16 267 22 285 17 284 40 282 39 52 27 50 15 48
CL: 288 <= -1 122 42 132 24 129 41 94 23 91 11 127 12 260 40 77 16 128 18 259 17 163 22 257 10 254 39 61 15 54
CL: 289 <= -1 120 30 130 24 129 29 252 23 189 16 141 22 197 28 164
CL: 290 <= -1 204 28 82 22 80 10 73
CL: 291 <= -1 122 42 132 24 129 41 94 23 91 11 127 22 78 10 71
CL: 292 <= -1 103 41 132 29 130 42 122 30 120
CL: 293 <= -1 124 42 132 30 130 41 94 29 92 11 127 10 70 22 129 24 292 23 286 28 291 12 283 40 290 39 56 15 289 27 288 9 287 21 281 38 26 20 23 14 22 8 21
CL: 294 <= -1 110 42 132 6 126 41 94 5 84 11 127 12 265 40 77 16 128 17 133 18 182 4 264 10 263 38 38 14 32 8 28
CL: 295 <= -1 128 18 137 17 174 22 80 16 77 4 68
CL: 296 <= -1 101 41 132 23 129 42 119 24 116 18 128 17 253 22 65 16 64
CL: 297 <= -1 129 24 274 22 269 23 270 4 296 40 295 38 31 14 27
CL: 298 <= -1 273 4 68
CL: 299 <= -1 186 22 78 10 71 4 66
CL: 300 <= -1 122 42 132 24 129 41 94 23 91 11 127 12 260 22 65 10 63
CL: 301 <= -1 110 42 132 6 126 41 94 5 84 11 127 10 70 22 129 24 274 12 265 23 270 4 300 40 298 38 35 14 139 8 297 20 294 39 61 21 57 15 54 9 50 3 45
CL: 302 <= -1 108 30 130 6 126 29 96 5 85 17 128 18 154 28 82 16 77 4 68
CL: 303 <= -1 89 41 132 5 126 42 119 6 106 18 128 17 262 16 75 4 66
CL: 304 <= -1 103 41 132 29 130 42 119 30 117
CL: 305 <= -1 110 42 132 6 126 41 103 5 87
CL: 306 <= -1 89 41 132 5 126 42 124 6 108 30 130 29 305 4 64 16 128 18 304 17 276 28 303 40 302 39 52 15 48 3 42
CL: 307 <= -1 219 18 147 15 56 3 47
CL: 308 <= -1 94 41 132 11 127 42 119 12 111 40 82 18 128 28 153 16 280 17 278 10 277 15 43
CL: 309 <= -1 108 30 130 6 126 29 92 5 84 11 127 12 150 28 82 10 73 4 68
CL: 310 <= -1 124 42 132 30 130 41 94 29 92 11 127 12 279 28 66 10 63
CL: 311 <= -1 89 41 132 5 126 42 124 6 108
CL: 312 <= -1 110 42 132 6 126 41 94 5 84 11 127 10 71 28 130 30 311 29 305 12 265 4 310 40 309 3 308 39 307 9 306 38 38 14 32 8 28
CL: 313 <= -1 219 18 147 15 53 9 49 21 220 3 157 29 96 23 95 11 90 17 155 14 35 8 31
CL: 314 <= -1 101 41 132 23 129 42 119 24 116
CL: 315 <= -1 129 23 286 24 292 28 75 16 128 18 314 22 285 17 284 40 282
CL: 316 <= -1 124 42 132 30 130 41 94 29 92 11 127 10 70 22 129 23 286 24 292 28 291 12 283 40 290 8 27 14 315 39 47 21 44 15 43 9 42
CL: 317 <= -1 159 29 92 5 84 11 127 12 150 4 65 22 129 24 140 23 148 28 299 10 221 8 216 21 59 15 56 9 52
CL: 318 <= -1 108 30 130 6 126 29 99 5 86 23 129 21 49 24 143 9 309 28 82 22 80 4 68
CL: 319 <= -1 110 42 132 6 126 41 94 5 84 11 127 10 71 28 130 30 311 29 305 12 265 4 310
CL: 320 <= -1 130 30 311 29 305 28 78 4 65
CL: 321 <= -1 129 24 292 23 286
CL: 322 <= -1 129 23 270 24 274 4 66 28 321 22 320 21 49 9 319 40 318
CL: 323 <= -1 108 30 130 6 126 29 99 5 86 23 129 21 53 24 143 15 302 28 82 22 80 4 68
CL: 324 <= -1 130 30 311 29 305 4 64 16 128 18 304 17 276 28 303
CL: 325 <= -1 129 23 270 24 274 4 66 28 321 21 53 15 324 22 320 40 323 14 27 8 322 39 317 3 316 38 313 20 312 27 301 2 293 26 275 25 18 19 16 13 13 7 9 1 4
CL: 326 <= -1 109 36 131 6 126 35 93 5 84 11 127 12 183 34 79 33 55 22 186 15 272 21 184 18 182 17 133 4 179 10 214 9 176 3 170 32 41 20 38 14 35 8 31 2 26
CL: 327 <= -1 206 32 25 20 23 14 22 8 21
CL: 328 <= -1 88 35 131 5 126 36 121 6 107 24 129 23 175 34 76 16 128 18 137 17 174 22 172 4 188 32 30 20 28 14 27
CL: 329 <= -1 231 32 37 14 32
CL: 330 <= -1 226 32 34
CL: 331 <= -1 162 4 272 14 330 20 329 8 328 2 327 33 62 21 59 15 56 9 52 3 47
CL: 332 <= -1 116 24 129 18 128 23 165 17 193 34 83 22 80 16 77
CL: 333 <= -1 118 36 131 18 128 35 102 17 96
CL: 334 <= -1 125 42 132 36 131 41 98 35 97
CL: 335 <= -1 104 41 132 35 131 42 119 36 118 18 128 17 334 34 79 16 74
CL: 336 <= -1 121 36 131 24 129 35 102 23 99
CL: 337 <= -1 125 42 132 36 131 41 101 35 100
CL: 338 <= -1 104 41 132 35 131 42 122 36 121 24 129 23 337 34 76 16 267 22 335 40 332 33 51 21 49 15 48
CL: 339 <= -1 93 35 131 11 127 36 121 12 112 24 129 23 178 33 55 15 128 18 259 17 163 21 177 34 83 22 80 16 77 10 73
CL: 340 <= -1 55 33 131 15 128 34 72 16 69 10 127 36 125 18 119 12 115 42 132 41 101 35 100 17 95 11 91
CL: 341 <= -1 72 10 256 34 334
CL: 342 <= -1 94 41 132 11 127 42 119 12 111 18 128 16 76 10 72
CL: 343 <= -1 104 41 132 35 131 42 115 36 114
CL: 344 <= -1 125 42 132 36 131 41 94 35 93
CL: 345 <= -1 104 41 132 35 131 42 119 36 118 18 128 16 69 10 127 11 344 12 343 34 342 17 341 33 58 15 53
CL: 346 <= -1 94 41 132 11 127 42 122 12 112 24 129 22 257 10 254
CL: 347 <= -1 79 34 343 22 129 24 112
CL: 348 <= -1 104 41 132 35 131 42 122 36 121 24 129 34 72 22 70
CL: 349 <= -1 129 24 122 22 79 42 132 34 344 41 94 11 127 10 348 12 347 33 55 15 346 21 345 23 340 40 339 9 338 32 25 20 23 14 22 8 21
CL: 350 <= -1 109 36 131 6 126 35 93 5 84 11 127 12 183 33 58 9 49 3 44
CL: 351 <= -1 298 9 51 3 46
CL: 352 <= -1 88 35 131 5 126 36 121 6 107 24 129 23 175
CL: 353 <= -1 93 35 131 11 127 36 121 12 112 24 129 23 178 9 42 3 352 33 351 21 350 32 34 20 32 8 27
CL: 354 <= -1 109 36 131 6 126 35 93 5 84 11 127 12 183 33 55 9 48 3 43
CL: 355 <= -1 294 9 51 3 46
CL: 356 <= -1 128 17 171 18 230
CL: 357 <= -1 128 18 235 17 167 9 42 3 356 33 355 15 354 32 37 8 28
CL: 358 <= -1 30 32 332 8 261 33 46 21 44 15 43
CL: 359 <= -1 30 32 352 8 298 33 55 21 53 9 48
CL: 360 <= -1 30 32 180 8 266 21 295 15 359 3 358 20 357 14 353 34 83 22 80 16 77 10 73 4 68
CL: 361 <= -1 330 33 55 21 53 9 48 3 43
CL: 362 <= -1 127 11 344 12 343 34 67 10 63
CL: 363 <= -1 110 42 132 6 126 41 94 5 84
CL: 364 <= -1 88 35 131 5 126 36 125 6 110
CL: 365 <= -1 109 36 131 6 126 35 104 5 89 41 132 42 364 34 72 10 127 11 363 12 265 4 362 33 58 9 49 3 44
CL: 366 <= -1 337 23 348 34 72
CL: 367 <= -1 79 34 343 22 260
CL: 368 <= -1 129 24 122 22 79 42 132 34 344 41 94 23 91 11 127 12 367 10 366 33 46 9 42
CL: 369 <= -1 70 10 127 22 129 12 265 23 270 11 363 24 274 4 300
CL: 370 <= -1 104 41 132 35 131 42 122 36 121 24 129 23 337 34 67 22 65
CL: 371 <= -1 109 36 131 6 126 35 104 5 89 41 132 42 364 34 79 22 129 23 270 24 274 4 370 33 51 9 369 3 368 21 365 32 34 20 32 8 27
CL: 372 <= -1 294 15 55 9 51 3 46
CL: 373 <= -1 104 41 132 35 131 42 119 36 118 18 128 16 69 10 127 11 344 12 343 34 342 17 341 15 43 9 42
CL: 374 <= -1 89 41 132 5 126 42 119 6 106 18 128 15 48 9 127 12 265 11 363 17 262 16 76 10 72 4 67
CL: 375 <= -1 104 41 132 35 131 42 119 36 118
CL: 376 <= -1 48 15 128 9 127 16 64 10 63
CL: 377 <= -1 109 36 131 6 126 35 104 5 89 41 132 42 364 4 376 18 375 17 334 11 344 12 343 34 374 3 373 33 372 32 37 8 28
CL: 378 <= -1 297 21 58 15 55 3 46
CL: 379 <= -1 89 41 132 5 126 42 119 6 106 18 128 17 262 15 53 3 44
CL: 380 <= -1 129 24 274 23 270 3 43 15 128 17 253 18 314 21 379 22 79 16 76 4 67
CL: 381 <= -1 109 36 131 6 126 35 104 5 89 41 132 42 364 4 64 16 128 17 334 18 375 32 30 8 266 33 58 15 53 3 44
CL: 382 <= -1 104 41 132 35 131 42 122 36 121
CL: 383 <= -1 109 36 131 6 126 35 104 5 89 41 132 42 364 3 43 15 128 16 74 22 129 24 382 4 370 17 334 23 337 18 375 33 378 32 30
CL: 384 <= -1 369 9 271 3 261 4 268 8 383 21 381 34 380 20 377 14 371 40 360 2 349 39 331 38 326 19 15 13 12 7 8 1 3
CL: 385 <= -1 75 28 202 16 165 23 129 24 194 17 193 22 192 34 190 32 25 26 24 20 23 14 22
CL: 386 <= -1 65 22 129 4 154 24 116 18 128 23 189 17 220 16 213 28 212 26 39 20 37 14 34
CL: 387 <= -1 237 26 36 14 32
CL: 388 <= -1 33 14 128 26 241 17 174 18 137 20 387 22 79 16 76 4 67
CL: 389 <= -1 238 26 36 14 32
CL: 390 <= -1 33 26 242 14 188 20 389
CL: 391 <= -1 78 28 130 22 352 26 33 20 32
CL: 392 <= -1 36 26 130 20 352 28 75 22 74 16 128 14 391 17 171 30 246 18 230 29 239 4 390 34 388 32 386 2 385 19 7 13 6 1 0
CL: 393 <= -1 289 26 39 20 37 14 34 8 30
CL: 394 <= -1 208 26 36 14 32 8 28
CL: 395 <= -1 204 26 33 8 27
CL: 396 <= -1 29 8 206 26 190 14 395 20 394 28 81 22 79 10 72
CL: 397 <= -1 123 36 131 30 130 35 93 29 92 11 127 12 210 28 75 16 128 17 167 18 235 10 209 26 36 14 32 8 28
CL: 398 <= -1 200 22 234 26 33 8 27
CL: 399 <= -1 233 26 29 8 206 14 398 20 397 34 396 32 393 19 2 13 1
CL: 400 <= -1 312 8 36 2 23
CL: 401 <= -1 108 30 130 6 126 29 92 5 84 11 127 12 150 28 81 10 72 4 67
CL: 402 <= -1 123 36 131 30 130 35 93 29 92 11 127 12 210 28 66 10 63
CL: 403 <= -1 109 36 131 6 126 35 93 5 84 11 127 10 71 28 130 29 239 12 183 30 246 4 402 34 401 32 34 26 33 8 27 2 22
CL: 404 <= -1 159 29 92 5 84 11 127 12 150 4 65 22 129 23 148 24 140 10 221 28 299 19 11 13 307 26 39 20 37 8 30 2 25
CL: 405 <= -1 78 28 130 22 352 29 239 30 246 4 242 34 241
CL: 406 <= -1 130 28 75 29 239 16 128 30 246 17 171 18 230 4 238 34 237 13 11 19 405 26 29 20 28 2 21
CL: 407 <= -1 123 36 131 30 130 35 93 29 92 11 127 12 210 28 75 16 128 17 167 18 235 10 209 34 208 26 24 2 231
CL: 408 <= -1 234 22 200 26 24 20 23
CL: 409 <= -1 109 36 131 6 126 35 93 5 84 11 127 10 71 28 130 12 183 29 239 30 246 4 402 34 401
CL: 410 <= -1 109 36 131 6 126 35 93 5 84 11 127 12 183 34 79 22 186 4 225 10 224 20 36 26 409 2 408 19 11 13 407 8 406 32 404 14 403 1 399 7 392 33 62 27 61 21 59 15 56 9 52 3 47
CL: 411 <= -1 315 38 26 26 24 20 23 14 22
CL: 412 <= -1 324 40 302 38 38 26 36 14 32
CL: 413 <= -1 321 38 35 26 33
CL: 414 <= -1 189 23 158 26 40 29 252 38 296 14 413 40 68 28 66 22 65 16 64
CL: 415 <= -1 108 30 130 6 126 29 99 5 86 23 129 24 143 28 82 22 80
CL: 416 <= -1 129 22 320 23 270 24 274 40 415 38 35 26 33
CL: 417 <= -1 128 18 154 16 213 17 220
CL: 418 <= -1 129 23 270 22 269 24 274 38 40 26 417 28 212 40 295 14 416 4 414 20 412 2 411 27 60 21 58 15 55 3 46
CL: 419 <= -1 412 2 23
CL: 420 <= -1 324 40 302 38 41 26 39 14 34 2 25
CL: 421 <= -1 128 18 304 17 276 38 26 26 24 14 22
CL: 422 <= -1 130 30 311 29 305 38 35 26 33
CL: 423 <= -1 40 38 380 26 237 14 422 2 421 40 83 28 81 16 76 4 67
CL: 424 <= -1 117 18 128 30 130 17 191 29 333 28 82 16 77
CL: 425 <= -1 125 42 132 36 131 41 103 35 102
CL: 426 <= -1 104 41 132 35 131 42 124 36 123 30 130 29 425 28 75 16 128 18 375 17 334 40 424 38 26 26 24 14 22
CL: 427 <= -1 240 26 40 14 35
CL: 428 <= -1 33 26 130 14 128 29 239 18 230 17 171 30 246 28 82 16 77 4 68
CL: 429 <= -1 104 41 132 35 131 42 124 36 123
CL: 430 <= -1 109 36 131 6 126 35 104 5 89 41 132 42 364
CL: 431 <= -1 33 26 130 14 128 28 66 16 64 4 430 30 429 29 425 18 375 17 334 40 428 38 427 2 426 34 423 32 420 20 419 27 57 15 53 3 44
CL: 432 <= -1 128 15 54 18 314 17 253 27 321 40 83 28 81 22 79 16 76
CL: 433 <= -1 120 24 129 30 130 23 202 27 54 29 336 15 332 28 82 22 80
CL: 434 <= -1 54 27 130 15 128 28 78 16 74 22 129 29 425 30 429 24 382 23 337 18 375 17 334 40 433 34 432 38 26 32 25 26 24 20 23 14 22
CL: 435 <= -1 129 24 274 23 270 22 269 4 296 40 295 15 54 3 45
CL: 436 <= -1 129 24 274 23 270 4 66 28 321 22 320 40 323 3 43 15 315 27 435 38 41 26 39 20 37 14 34
CL: 437 <= -1 352 34 83 22 80 4 68
CL: 438 <= -1 79 22 129 34 430 24 274 23 270 4 370 40 437 38 35 20 32
CL: 439 <= -1 356 34 83 16 77 4 68
CL: 440 <= -1 89 41 132 5 126 42 119 6 106 18 128 17 262 16 76 4 67
CL: 441 <= -1 128 16 64 18 375 4 430 17 334 34 440
CL: 442 <= -1 76 16 128 34 352 18 137 17 174 4 188 20 38 38 441 40 439 22 172 14 438 15 54 3 45
CL: 443 <= -1 120 30 130 24 129 29 336 23 202 34 83 28 82 22 80
CL: 444 <= -1 413 28 81 22 79
CL: 445 <= -1 78 28 130 22 129 29 425 30 429 24 382 23 337 34 444 40 443 38 35 26 33 20 32
CL: 446 <= -1 424 34 83
CL: 447 <= -1 128 18 304 17 276 28 81 16 76
CL: 448 <= -1 75 16 128 28 130 18 375 29 425 30 429 17 334 34 447 40 446
CL: 449 <= -1 130 30 246 29 239 34 83 28 82 4 68
CL: 450 <= -1 130 29 305 30 311 28 81 4 67
CL: 451 <= -1 66 28 130 4 430 29 425 30 429 34 450 40 449 3 43 15 448 38 38 26 36
CL: 452 <= -1 129 24 382 23 337 22 335 34 380
CL: 453 <= -1 75 16 165 28 202 23 129 24 194 17 193 22 192 34 190 26 40 38 452 40 332
CL: 454 <= -1 430 4 370 34 380 38 40 26 405 40 437 3 43 15 453 20 451 14 445 27 442 32 436 2 434 21 431 33 418 19 7 13 6 1 0
CL: 455 <= -1 369 40 298 38 41 20 37 8 30 2 25
CL: 456 <= -1 93 35 131 11 127 36 121 12 112 24 129 23 178 34 83 22 80 10 73
CL: 457 <= -1 129 24 122 22 79 42 132 34 344 41 94 23 91 11 127 10 366 12 367 40 456 38 26 20 23 8 21
CL: 458 <= -1 109 36 131 6 126 35 93 5 84 11 127 8 28 12 183 20 437 34 83 10 73 4 68
CL: 459 <= -1 109 36 131 6 126 35 93 5 84 11 127 12 183 34 79 22 186 4 225 10 224 20 38 8 31
CL: 460 <= -1 28 20 129 8 127 23 270 24 274 12 265 11 363 22 79 10 72 4 67
CL: 461 <= -1 28 20 129 8 127 22 65 10 63 4 430 24 382 23 337 12 343 11 344 34 460 38 459 40 458 2 457 32 455 33 60 21 57 9 50 3 45
CL: 462 <= -1 124 42 132 30 130 41 94 29 92 11 127 10 70 22 129 24 292 23 286 28 291 12 283 40 290 21 58 9 51
CL: 463 <= -1 123 36 131 30 130 35 93 29 92 11 127 12 210 34 83 28 82 10 73
CL: 464 <= -1 124 42 132 30 130 41 94 29 92 11 127 12 279 28 81 10 72
CL: 465 <= -1 71 10 127 28 130 11 344 29 425 30 429 12 343 34 464 40 463
CL: 466 <= -1 321 28 81 22 79
CL: 467 <= -1 78 28 130 22 129 29 425 30 429 24 382 23 337 34 466 40 443 21 49 9 465 33 462 38 26 32 25 26 24 20 23 8 21
CL: 468 <= -1 159 29 92 5 84 11 127 12 150 4 65 22 129 23 148 24 140 10 221 28 299 21 58 9 51 3 46
CL: 469 <= -1 42 3 449 9 463
CL: 470 <= -1 409 9 49 3 44
CL: 471 <= -1 200 22 234 9 42 3 405 21 470 33 468 32 41 26 40 20 38 8 31
CL: 472 <= -1 124 42 132 30 130 41 94 29 92 11 127 10 70 22 321 28 291 12 283 40 290 21 44 9 42 3 322 26 39 20 37 8 30
CL: 473 <= -1 369 40 351 20 36 8 29
CL: 474 <= -1 319 40 309
CL: 475 <= -1 415 4 68
CL: 476 <= -1 129 23 270 24 274 4 66 28 321 22 320 40 475 20 28 8 474 26 473 21 58 9 51 3 46
CL: 477 <= -1 350 34 83 10 73 4 68 40 365
CL: 478 <= -1 42 3 437 9 456
CL: 479 <= -1 79 22 129 34 430 24 274 23 270 3 368 4 370 40 478 21 477 20 36 8 29
CL: 480 <= -1 130 28 66 29 425 30 429 4 430 34 450 40 449
CL: 481 <= -1 78 28 130 22 129 29 425 30 429 24 382 23 337 34 466 40 443 20 28 8 465 21 44 9 42 3 480 26 479 33 476 32 472 38 471 2 467 27 461 19 11 1 1
CL: 482 <= -1 288 38 41 20 37 14 34 8 30
CL: 483 <= -1 128 18 235 17 167 34 83 16 77 10 73
CL: 484 <= -1 69 16 128 10 127 18 375 11 344 12 343 34 342 17 341 40 483 38 38 14 32 8 28
CL: 485 <= -1 27 8 456 14 332
CL: 486 <= -1 206 14 35 8 31
CL: 487 <= -1 288 14 33 8 29
CL: 488 <= -1 122 42 132 24 129 41 94 23 91 11 127 8 27 14 432 22 79
CL: 489 <= -1 335 14 27 22 129 8 127 24 382 23 337 11 344 34 488 26 487 10 366 12 367 38 486 40 485 20 484 32 482
CL: 490 <= -1 127 12 265 11 363 40 77 16 128 17 133 18 182 4 264 10 263 38 41 14 34 8 30 2 25
CL: 491 <= -1 439 14 27 2 21
CL: 492 <= -1 109 36 131 6 126 35 93 5 84 11 127 12 183 2 22 14 128 18 235 17 167 8 491 34 83 16 77 10 73 4 68
CL: 493 <= -1 69 16 128 10 127 18 375 11 344 12 343 34 342 17 341 38 26 14 22 8 21
CL: 494 <= -1 231 14 35 8 31
CL: 495 <= -1 127 10 72 11 363 12 265 34 430 4 362 8 27 14 441 38 494 2 493 40 492 32 490 1 2 19 489 33 60 21 57 15 54 9 50 3 45
CL: 496 <= -1 124 42 132 30 130 41 94 29 92 11 127 10 70 22 129 23 286 24 292 28 291 12 283 40 290 9 48 15 315
CL: 497 <= -1 474 3 308 9 306 1 2 19 496 21 281 38 41 26 39 20 37 14 34 8 30 2 25
CL: 498 <= -1 147 18 219 1 2 19 198 15 55 9 51 3 46
CL: 499 <= -1 123 36 131 30 130 35 93 29 92 11 127 12 210 28 75 16 128 18 235 17 167 10 209 34 208 15 205 9 195
CL: 500 <= -1 123 36 131 30 130 35 93 29 92 11 127 12 210 28 75 16 128 18 235 17 167 10 209 34 208 15 43 9 42 3 247 1 2 19 499 33 498 26 40 20 38 14 35 8 31 2 26
CL: 501 <= -1 132 40 82 41 94 28 130 11 127 42 119 30 117 12 111 18 128 29 255 17 278 16 280 10 277 26 24 14 22 8 21
CL: 502 <= -1 302 40 324 1 2 19 315 26 29 20 28 14 27
CL: 503 <= -1 132 40 82 41 94 28 130 11 127 42 119 30 117 12 111 18 128 29 255 17 278 16 280 10 277 26 36 14 32
CL: 504 <= -1 346 23 340 40 339
CL: 505 <= -1 127 11 363 12 265 40 77 16 128 17 133 18 182 4 264 10 263 1 2 19 504
CL: 506 <= -1 2 1 474 19 462 26 33 14 505 20 503 8 502 2 501 21 58 15 55 9 51 3 46
CL: 507 <= -1 78 22 129 28 130 23 337 24 382 30 429 29 425 34 432 40 443 19 2 1 480 21 53 3 43 15 448 26 29 20 28 14 27 2 21
CL: 508 <= -1 48 9 465 15 448 26 24 14 22
CL: 509 <= -1 48 9 465 15 448 26 36 14 32
CL: 510 <= -1 441 40 439 1 2 19 338
CL: 511 <= -1 2 1 480 19 445 26 33 14 510 21 49 15 48 3 42
CL: 512 <= -1 483 40 345 15 53
CL: 513 <= -1 483 40 373 15 43
CL: 514 <= -1 354 34 83 10 73 4 68
CL: 515 <= -1 430 4 362 34 374 40 514
VAR: 1 L: 19 V: 1 A: 515 Lits: 62 64 66 4 6 74 76 78 14 16 18 26 28 31 2
VAR: 2 L: 11 V: 0 A: 508 Lits: 14 16 50 54 74 76 78 62 64 66 26 5
VAR: 3 L: 17 V: 0 A: 513 Lits: 26 28 62 64 66 14 16 18 74 76 78 7
VAR: 4 L: 22 V: 0 A: 179 Lits: 62 64 14 16 18 38 40 26 28 9
VAR: 5 L: 29 V: 0 A: 84 Lits: 11 23
VAR: 6 L: 37 V: 0 A: 110 Lits: 13 85
VAR: 7 L: 4 V: 0 A: 454 Lits: 62 74 78 50 15
VAR: 8 L: 10 V: 0 A: 507 Lits: 50 54 74 76 78 62 64 66 26 17
VAR: 9 L: 13 V: 0 A: 511 Lits: 50 54 74 76 78 62 64 66 4 26 40 19
VAR: 10 L: 24 V: 0 A: 366 Lits: 74 76 78 80 62 64 66 38 40 42 21
VAR: 11 L: 28 V: 1 A: 127 Lits: 14 16 18 20 22 24
VAR: 12 L: 26 V: 0 A: 367 Lits: 74 76 78 80 62 64 66 38 40 42 25
VAR: 13 L: 5 V: 0 A: 481 Lits: 50 74 78 62 14 27
VAR: 14 L: 15 V: 0 A: 33 Lits: 29 53
VAR: 15 L: 18 V: 1 A: 505 Lits: 14 16 18 74 76 78 4 6 26 30 40 42 62 64 28
VAR: 16 L: 35 V: 0 A: 76 Lits: 33 69
VAR: 17 L: 23 V: 0 A: 223 Lits: 62 64 66 14 16 18 38 40 42 35
VAR: 18 L: 38 V: 0 A: 119 Lits: 37 85
VAR: 19 L: 20 V: 0 A: 2 Lits: 3 39
VAR: 20 L: 12 V: 0 A: 509 Lits: 14 16 50 54 74 76 78 62 64 66 26 41
VAR: 21 L: 16 V: 0 A: 512 Lits: 26 28 62 64 66 14 16 18 74 76 78 43
VAR: 22 L: 36 V: 0 A: 79 Lits: 45 69
VAR: 23 L: 25 V: 0 A: 340 Lits: 62 64 26 28 14 16 18 74 76 78 80 47
VAR: 24 L: 39 V: 0 A: 122 Lits: 49 85
VAR: 25 L: 2 V: 0 A: 384 Lits: 74 62 51
VAR: 26 L: 14 V: 1 A: 465 Lits: 14 16 50 52 54 74 76 78 62 64 66 18
VAR: 27 L: 6 V: 0 A: 495 Lits: 14 74 78 62 26 50 55
VAR: 28 L: 27 V: 0 A: 291 Lits: 74 76 78 80 38 40 42 14 16 18 24 57
VAR: 29 L: 30 V: 0 A: 92 Lits: 23 59
VAR: 30 L: 40 V: 0 A: 124 Lits: 61 85
VAR: 31 L: 1 V: 0 A: 325 Lits: 74 63
VAR: 32 L: 7 V: 0 A: 497 Lits: 74 78 14 50 54 26 65
VAR: 33 L: 9 V: 0 A: 506 Lits: 74 76 78 14 50 54 26 62 64 67
VAR: 34 L: 33 V: 1 A: 344 Lits: 74 76 78 80 62 64 66 68 23
VAR: 35 L: 31 V: 0 A: 93 Lits: 23 71
VAR: 36 L: 41 V: 0 A: 125 Lits: 73 85
VAR: 37 L: 0 V: 0 A: 251 Lits: 75
VAR: 38 L: 8 V: 0 A: 500 Lits: 62 64 50 54 14 26 77
VAR: 39 L: 3 V: 0 A: 410 Lits: 62 50 79
VAR: 40 L: 21 V: 0 A: 339 Lits: 62 64 14 16 18 38 40 26 28 81
VAR: 41 L: 32 V: 0 A: 94 Lits: 23 83
VAR: 42 L: 34 V: 1 A: 132 Lits: 74 76 78 80 82 84
CONF: 129 == 38 40 42 44 46 48
