11, 0.000306
21, 0.000374
31, 0.000336
41, 0.000303
51, 0.000322
61, 0.000335
71, 0.000499
81, 0.000524
91, 0.000659
101, 0.000554
111, 0.000374
121, 0.000299
131, 0.000312
141, 0.000352
151, 0.000352
161, 0.000313
171, 0.000379
181, 0.000395
191, 0.000311
201, 0.000335
211, 0.000746
221, 0.00031
231, 0.000309
241, 0.000311
251, 0.000314
261, 0.000322
271, 0.000292
281, 0.000351
291, 0.000507
301, 0.000381
311, 0.000492
321, 0.000417
331, 0.000348
341, 0.000353
351, 0.00051
361, 0.000547
371, 0.000611
381, 0.000851
391, 0.000415
401, 0.000539
411, 0.000504
421, 0.000523
431, 0.000379
441, 0.000662
451, 0.000569
461, 0.000368
471, 0.000378
481, 0.00039
491, 0.000346
501, 0.000413
511, 0.000356
521, 0.00051
531, 0.000606
541, 0.000493
551, 0.000386
561, 0.000304
571, 0.000313
581, 0.000538
591, 0.00038
601, 0.00045
611, 0.000392
621, 0.000321
631, 0.000726
641, 0.000339
651, 0.000494
661, 0.000516
671, 0.000751
681, 0.000332
691, 0.000436
701, 0.000493
711, 0.00039
721, 0.000328
731, 0.000345
741, 0.000379
751, 0.001292
761, 0.000319
771, 0.00036
781, 0.00038
791, 0.000506
801, 0.000516
811, 0.000504
821, 0.000544
831, 0.000545
841, 0.000474
851, 0.000419
861, 0.000325
871, 0.000332
881, 0.000406
891, 0.000363
901, 0.000325
911, 0.000402
921, 0.000552
931, 0.000353
941, 0.000542
951, 0.000543
961, 0.000552
971, 0.000428
981, 0.000443
991, 0.00055
1001, 0.000422
1011, 0.000421
1021, 0.000356
1031, 0.000387
1041, 0.0005
1051, 0.000415
1061, 0.000405
1071, 0.000345
1081, 0.000476
1091, 0.000967
1101, 0.000537
1111, 0.000521
1121, 0.000441
1131, 0.000484
1141, 0.000511
1151, 0.001483
1161, 0.001324
1171, 0.000469
1181, 0.000636
1191, 0.00048
1201, 0.000443
1211, 0.000431
1221, 0.000807
1231, 0.000387
1241, 0.000567
1251, 0.000517
1261, 0.000735
1271, 0.001072
1281, 0.000365
1291, 0.000298
1301, 0.000403
1311, 0.000448
1321, 0.000354
1331, 0.000322
1341, 0.000342
1351, 0.000342
1361, 0.000363
1371, 0.000325
1381, 0.000321
1391, 0.000452
1401, 0.000338
1411, 0.000314
1421, 0.000353
1431, 0.00033
1441, 0.00031
1451, 0.000321
1461, 0.000373
1471, 0.000318
1481, 0.0004
1491, 0.000314
1501, 0.000304
1511, 0.000447
1521, 0.000848
1531, 0.000467
1541, 0.000309
1551, 0.000378
1561, 0.000483
1571, 0.000323
1581, 0.000311
1591, 0.000328
1601, 0.000344
1611, 0.000336
1621, 0.00034
1631, 0.00032
1641, 0.000321
1651, 0.000356
1661, 0.000325
1671, 0.000537
1681, 0.000395
1691, 0.000322
1701, 0.000369
1711, 0.000331
1721, 0.000353
1731, 0.000347
1741, 0.00045
1751, 0.000341
1761, 0.000447
1771, 0.000419
1781, 0.000709
1791, 0.000487
1801, 0.000615
1811, 0.000894
1821, 0.001444
1831, 0.000489
1841, 0.000366
1851, 0.000341
1861, 0.000801
1871, 0.000518
1881, 0.000942
1891, 0.001165
1901, 0.000498
1911, 0.000473
1921, 0.000339
1931, 0.000472
1941, 0.000441
1951, 0.000373
1961, 0.001028
1971, 0.000524
1981, 0.000538
1991, 0.000464
2001, 0.000503
2011, 0.00041
2021, 0.000349
2031, 0.000344
2041, 0.000328
2051, 0.000362
2061, 0.000328
2071, 0.000353
2081, 0.000332
2091, 0.000334
2101, 0.000327
2111, 0.000424
2121, 0.000358
2131, 0.000337
2141, 0.000359
2151, 0.000319
2161, 0.00034
2171, 0.00043
2181, 0.000468
2191, 0.000322
2201, 0.00048
2211, 0.000326
2221, 0.000333
2231, 0.000317
2241, 0.000305
2251, 0.000342
2261, 0.000477
2271, 0.000382
2281, 0.000313
2291, 0.000322
2301, 0.000322
2311, 0.000342
2321, 0.000323
2331, 0.00051
2341, 0.00043
2351, 0.000463
2361, 0.000403
2371, 0.000378
2381, 0.000411
2391, 0.000499
2401, 0.000512
2411, 0.000472
2421, 0.000598
2431, 0.00035
2441, 0.000374
2451, 0.000383
2461, 0.000442
2471, 0.000309
2481, 0.000303
2491, 0.000492
2501, 0.000367
2511, 0.000323
2521, 0.000348
2531, 0.000459
2541, 0.000399
2551, 0.000322
2561, 0.000325
2571, 0.000329
2581, 0.000319
2591, 0.000329
2601, 0.000373
2611, 0.000337
2621, 0.000427
2631, 0.000325
2641, 0.000335
2651, 0.000313
2661, 0.000319
2671, 0.0003
2681, 0.000323
2691, 0.000317
2701, 0.000332
2711, 0.000326
2721, 0.000317
2731, 0.000332
2741, 0.000321
2751, 0.00043
2761, 0.000319
2771, 0.000335
2781, 0.000329
2791, 0.00032
2801, 0.000466
2811, 0.000412
2821, 0.000433
2831, 0.000327
2841, 0.000317
2851, 0.000313
2861, 0.000347
2871, 0.000362
2881, 0.000332
2891, 0.000331
2901, 0.000356
2911, 0.000335
2921, 0.000342
2931, 0.000413
2941, 0.000319
2951, 0.000315
2961, 0.000362
2971, 0.000331
2981, 0.000322
2991, 0.00034
3001, 0.00031
3011, 0.000372
3021, 0.000428
3031, 0.000329
3041, 0.000311
3051, 0.000314
3061, 0.001807
3071, 0.000354
3081, 0.000318
3091, 0.000507
3101, 0.0004
3111, 0.000369
3121, 0.000334
3131, 0.000341
3141, 0.000361
3151, 0.000892
3161, 0.000329
3171, 0.000364
3181, 0.000865
3191, 0.000363
3201, 0.00036
3211, 0.000399
3221, 0.000361
3231, 0.00033
3241, 0.000319
3251, 0.000397
3261, 0.000448
3271, 0.000507
3281, 0.000336
3291, 0.000354
3301, 0.000316
3311, 0.000315
3321, 0.000325
3331, 0.000426
3341, 0.00033
3351, 0.000355
3361, 0.000328
3371, 0.000319
3381, 0.000317
3391, 0.000317
3401, 0.000313
3411, 0.000419
3421, 0.000344
3431, 0.001247
3441, 0.000455
3451, 0.00061
3461, 0.000345
3471, 0.000405
3481, 0.0004
3491, 0.000349
3501, 0.000373
3511, 0.000967
3521, 0.000447
3531, 0.000367
3541, 0.00034
3551, 0.000379
3561, 0.000415
3571, 0.00034
3581, 0.000353
3591, 0.000349
3601, 0.000314
3611, 0.00032
3621, 0.00032
3631, 0.000317
3641, 0.000315
3651, 0.00032
3661, 0.000365
3671, 0.000326
3681, 0.000356
3691, 0.000314
3701, 0.000311
3711, 0.000319
3721, 0.0008
3731, 0.00042
3741, 0.000363
3751, 0.000325
3761, 0.001072
3771, 0.000426
3781, 0.000349
3791, 0.000336
3801, 0.000455
3811, 0.000445
3821, 0.00033
3831, 0.000316
3841, 0.00038
3851, 0.000322
3861, 0.000354
3871, 0.000314
3881, 0.00033
3891, 0.00033
3901, 0.000323
3911, 0.000349
3921, 0.000861
3931, 0.00035
3941, 0.000326
3951, 0.000541
3961, 0.00033
3971, 0.000326
3981, 0.000325
3991, 0.000319
4001, 0.000579
4011, 0.00047
4021, 0.000331
4031, 0.000374
4041, 0.000346
4051, 0.000354
4061, 0.000335
4071, 0.000316
4081, 0.000352
4091, 0.000327
4101, 0.000345
4111, 0.000339
4121, 0.000335
4131, 0.000934
4141, 0.00067
4151, 0.000353
4161, 0.000668
4171, 0.000324
4181, 0.000434
4191, 0.000444
4201, 0.000321
4211, 0.000322
4221, 0.000342
4231, 0.000374
4241, 0.000615
4251, 0.000392
4261, 0.000453
4271, 0.000398
4281, 0.000368
4291, 0.000325
4301, 0.000333
4311, 0.000399
4321, 0.000339
4331, 0.000354
4341, 0.000309
4351, 0.000308
4361, 0.000339
4371, 0.000422
4381, 0.000323
4391, 0.000323
4401, 0.000355
4411, 0.000343
4421, 0.000416
4431, 0.000344
4441, 0.000386
4451, 0.000362
4461, 0.000335
4471, 0.000311
4481, 0.000332
4491, 0.00032
4501, 0.000326
4511, 0.000325
4521, 0.001047
4531, 0.000496
4541, 0.000441
4551, 0.000311
4561, 0.000505
4571, 0.000332
4581, 0.000371
4591, 0.000378
4601, 0.000953
4611, 0.000373
4621, 0.000321
4631, 0.000323
4641, 0.000322
4651, 0.000441
4661, 0.000333
4671, 0.000325
4681, 0.000493
4691, 0.000332
4701, 0.000327
4711, 0.000328
4721, 0.00033
4731, 0.000326
4741, 0.000328
4751, 0.000328
4761, 0.000321
4771, 0.000331
4781, 0.000323
4791, 0.000334
4801, 0.000321
4811, 0.00033
4821, 0.000507
4831, 0.000319
4841, 0.000325
4851, 0.000347
4861, 0.000366
4871, 0.000324
4881, 0.000347
4891, 0.000327
4901, 0.00032
4911, 0.000327
4921, 0.000323
4931, 0.000356
4941, 0.000354
4951, 0.000316
4961, 0.000463
4971, 0.000384
4981, 0.000428
4991, 0.000323
5001, 0.000342
5011, 0.000448
5021, 0.000549
5031, 0.00046
5041, 0.001591
5051, 0.00037
5061, 0.000347
5071, 0.000396
5081, 0.000318
5091, 0.000331
5101, 0.000388
5111, 0.000362
5121, 0.000318
5131, 0.000388
5141, 0.000325
5151, 0.000331
5161, 0.000372
5171, 0.000475
5181, 0.00032
5191, 0.000474
5201, 0.000526
5211, 0.000332
5221, 0.000403
5231, 0.000347
5241, 0.00038
5251, 0.000377
5261, 0.000409
5271, 0.000327
5281, 0.000365
5291, 0.000329
5301, 0.000394
5311, 0.000345
5321, 0.00041
5331, 0.000396
5341, 0.000336
5351, 0.000337
5361, 0.000476
5371, 0.000404
5381, 0.00045
5391, 0.000485
5401, 0.00058
5411, 0.000372
5421, 0.000348
5431, 0.000346
5441, 0.000395
5451, 0.00039
5461, 0.000356
5471, 0.000381
5481, 0.000332
5491, 0.000351
5501, 0.000372
5511, 0.000315
5521, 0.000314
5531, 0.000445
5541, 0.000332
5551, 0.000361
5561, 0.000334
5571, 0.00042
5581, 0.000446
5591, 0.000375
5601, 0.00037
5611, 0.000346
5621, 0.000403
5631, 0.00037
5641, 0.000367
5651, 0.000365
5661, 0.00033
5671, 0.000317
5681, 0.000331
5691, 0.000319
5701, 0.000443
5711, 0.000332
5721, 0.000331
5731, 0.000335
5741, 0.000322
5751, 0.000395
5761, 0.000336
5771, 0.000385
5781, 0.000326
5791, 0.000325
5801, 0.00032
5811, 0.000351
5821, 0.000319
5831, 0.000387
5841, 0.000335
5851, 0.000348
5861, 0.000416
5871, 0.000463
5881, 0.000323
5891, 0.00032
5901, 0.000325
5911, 0.000409
5921, 0.000373
5931, 0.000363
5941, 0.000319
5951, 0.00035
5961, 0.000368
5971, 0.000467
5981, 0.000338
5991, 0.000388
6001, 0.000322
6011, 0.000328
6021, 0.000336
6031, 0.000437
6041, 0.000355
6051, 0.000341
6061, 0.000331
6071, 0.000733
6081, 0.000333
6091, 0.000585
6101, 0.000349
6111, 0.000541
6121, 0.000445
6131, 0.000423
6141, 0.000424
6151, 0.000354
6161, 0.000365
6171, 0.000457
6181, 0.000411
6191, 0.000453
6201, 0.000344
6211, 0.000582
6221, 0.000343
6231, 0.000429
6241, 0.000483
6251, 0.000318
6261, 0.000336
6271, 0.000869
6281, 0.000344
6291, 0.000383
6301, 0.000365
6311, 0.000338
6321, 0.000367
6331, 0.000329
6341, 0.000324
6351, 0.000332
6361, 0.000338
6371, 0.000315
6381, 0.000314
6391, 0.000315
6401, 0.000329
6411, 0.000347
6421, 0.00035
6431, 0.000344
6441, 0.000323
6451, 0.000328
6461, 0.001457
6471, 0.000484
6481, 0.000335
6491, 0.000444
6501, 0.000329
6511, 0.000364
6521, 0.000396
6531, 0.000341
6541, 0.000321
6551, 0.000318
6561, 0.000529
6571, 0.000392
6581, 0.000378
6591, 0.000361
6601, 0.00033
6611, 0.000353
6621, 0.000385
6631, 0.000382
6641, 0.000327
6651, 0.000314
6661, 0.000749
6671, 0.00032
6681, 0.000329
6691, 0.000352
6701, 0.000327
6711, 0.000322
6721, 0.000325
6731, 0.000319
6741, 0.000311
6751, 0.000406
6761, 0.000433
6771, 0.00033
6781, 0.000333
6791, 0.000378
6801, 0.000318
6811, 0.000374
6821, 0.000327
6831, 0.000311
6841, 0.000331
6851, 0.000352
6861, 0.000359
6871, 0.000319
6881, 0.000327
6891, 0.000324
6901, 0.00032
6911, 0.000379
6921, 0.000353
6931, 0.000313
6941, 0.000343
6951, 0.000327
6961, 0.001089
6971, 0.000459
6981, 0.000357
6991, 0.000324
7001, 0.000325
7011, 0.000623
7021, 0.0004
7031, 0.000345
7041, 0.000416
7051, 0.000319
7061, 0.000394
7071, 0.00038
7081, 0.000335
7091, 0.000334
7101, 0.000337
7111, 0.000318
7121, 0.000362
7131, 0.000323
7141, 0.000324
7151, 0.000441
7161, 0.000369
7171, 0.000333
7181, 0.00031
7191, 0.000467
7201, 0.000321
7211, 0.000463
7221, 0.000337
7231, 0.000331
7241, 0.000315
7251, 0.000356
7261, 0.000361
7271, 0.000332
7281, 0.000334
7291, 0.000344
7301, 0.000342
7311, 0.000639
7321, 0.000372
7331, 0.000343
7341, 0.000329
7351, 0.000383
7361, 0.000331
7371, 0.000342
7381, 0.000476
7391, 0.000348
7401, 0.000334
7411, 0.000267
7421, 0.000323
7431, 0.000372
7441, 0.000388
7451, 0.000345
7461, 0.000463
7471, 0.000349
7481, 0.00058
7491, 0.000317
7501, 0.000511
7511, 0.000371
7521, 0.000329
7531, 0.000321
7541, 0.000546
7551, 0.000334
7561, 0.000451
7571, 0.000496
7581, 0.001077
7591, 0.000322
7601, 0.000341
7611, 0.000324
7621, 0.000336
7631, 0.000315
7641, 0.000307
7651, 0.000338
7661, 0.000372
7671, 0.000366
7681, 0.000316
7691, 0.000376
7701, 0.000324
7711, 0.000326
7721, 0.000791
7731, 0.000382
7741, 0.000333
7751, 0.000321
7761, 0.000328
7771, 0.000316
7781, 0.00051
7791, 0.00032
7801, 0.000368
7811, 0.000306
7821, 0.000323
7831, 0.000333
7841, 0.000538
7851, 0.000373
7861, 0.000708
7871, 0.000503
7881, 0.000383
7891, 0.000328
7901, 0.00038
7911, 0.000416
7921, 0.00038
7931, 0.00034
7941, 0.000975
7951, 0.000491
7961, 0.000384
7971, 0.000381
7981, 0.000354
7991, 0.000328
8001, 0.000347
8011, 0.000634
8021, 0.000582
8031, 0.000331
8041, 0.000321
8051, 0.000608
8061, 0.000326
8071, 0.000495
8081, 0.000356
8091, 0.000327
8101, 0.000323
8111, 0.000357
8121, 0.000414
8131, 0.000319
8141, 0.000728
8151, 0.000381
8161, 0.000507
8171, 0.00051
8181, 0.000376
8191, 0.000335
8201, 0.000327
8211, 0.000326
8221, 0.000356
8231, 0.00041
8241, 0.000572
8251, 0.000562
8261, 0.000326
8271, 0.000337
8281, 0.00038
8291, 0.000382
8301, 0.000515
8311, 0.000465
8321, 0.000499
8331, 0.000356
8341, 0.000357
8351, 0.000327
8361, 0.00054
8371, 0.000325
8381, 0.000511
8391, 0.000335
8401, 0.000439
8411, 0.000399
8421, 0.000357
8431, 0.000396
8441, 0.00038
8451, 0.000312
8461, 0.000934
8471, 0.000346
8481, 0.000429
8491, 0.000339
8501, 0.00079
8511, 0.000787
8521, 0.000384
8531, 0.000325
8541, 0.000354
8551, 0.000544
8561, 0.000319
8571, 0.000568
8581, 0.000324
8591, 0.000326
8601, 0.000343
8611, 0.000337
8621, 0.000351
8631, 0.000407
8641, 0.001086
8651, 0.000335
8661, 0.000335
8671, 0.000501
8681, 0.000348
8691, 0.000339
8701, 0.000397
8711, 0.000381
8721, 0.000322
8731, 0.000378
8741, 0.000318
8751, 0.000388
8761, 0.000362
8771, 0.000328
8781, 0.000338
8791, 0.000336
8801, 0.000346
8811, 0.000624
8821, 0.000339
8831, 0.000328
8841, 0.000328
8851, 0.000339
8861, 0.000322
8871, 0.000307
8881, 0.000384
8891, 0.000327
8901, 0.000324
8911, 0.000344
8921, 0.000336
8931, 0.000322
8941, 0.000321
8951, 0.000334
8961, 0.000489
8971, 0.00038
8981, 0.000733
8991, 0.000588
9001, 0.000598
9011, 0.000328
9021, 0.000325
9031, 0.00033
9041, 0.000513
9051, 0.000317
9061, 0.000317
9071, 0.000321
9081, 0.000326
9091, 0.000327
9101, 0.000511
9111, 0.000454
9121, 0.000503
9131, 0.000396
9141, 0.000345
9151, 0.000323
9161, 0.000387
9171, 0.000355
9181, 0.00055
9191, 0.000391
9201, 0.000325
9211, 0.000319
9221, 0.000364
9231, 0.00032
9241, 0.000327
9251, 0.000319
9261, 0.00033
9271, 0.000328
9281, 0.000525
9291, 0.001051
9301, 0.000459
9311, 0.000742
9321, 0.000334
9331, 0.000322
9341, 0.000355
9351, 0.000331
9361, 0.000333
9371, 0.000318
9381, 0.000325
9391, 0.000392
9401, 0.000373
9411, 0.000413
9421, 0.000338
9431, 0.000376
9441, 0.000436
9451, 0.000348
9461, 0.000365
9471, 0.000317
9481, 0.000321
9491, 0.000374
9501, 0.000313
9511, 0.000462
9521, 0.000363
9531, 0.000318
9541, 0.000342
9551, 0.000565
9561, 0.000322
9571, 0.000359
9581, 0.000308
9591, 0.000422
9601, 0.00032
9611, 0.000322
9621, 0.00034
9631, 0.000303
9641, 0.000321
9651, 0.000676
9661, 0.000325
9671, 0.000299
9681, 0.000332
9691, 0.000949
9701, 0.00031
9711, 0.000306
9721, 0.000472
9731, 0.000505
9741, 0.000671
9751, 0.000387
9761, 0.000334
9771, 0.000377
9781, 0.000358
9791, 0.000332
9801, 0.000469
9811, 0.000437
9821, 0.000321
9831, 0.000504
9841, 0.000323
9851, 0.00031
9861, 0.000349
9871, 0.000539
9881, 0.000325
9891, 0.000954
9901, 0.000567
9911, 0.0005
9921, 0.000315
9931, 0.000325
9941, 0.000307
9951, 0.000321
9961, 0.000312
9971, 0.000314
9981, 0.000407
9991, 0.000345
10001, 0.000319
10011, 0.000684
10021, 0.000728
10031, 0.000343
10041, 0.000374
10051, 0.000319
10061, 0.000323
10071, 0.000417
10081, 0.000502
10091, 0.000501
10101, 0.000317
10111, 0.000582
10121, 0.000325
10131, 0.000343
10141, 0.00032
10151, 0.000317
10161, 0.000322
10171, 0.000579
10181, 0.00037
10191, 0.000329
10201, 0.000326
10211, 0.000362
10221, 0.000386
10231, 0.000539
10241, 0.000336
10251, 0.000555
10261, 0.001307
10271, 0.000321
10281, 0.000335
10291, 0.000848
10301, 0.000358
10311, 0.00037
10321, 0.000347
10331, 0.000543
10341, 0.000327
10351, 0.000557
10361, 0.000559
10371, 0.000521
10381, 0.000334
10391, 0.000325
10401, 0.000369
10411, 0.00056
10421, 0.000335
10431, 0.000504
10441, 0.000321
10451, 0.000332
10461, 0.000355
10471, 0.000331
10481, 0.000332
10491, 0.000321
10501, 0.000339
10511, 0.000344
10521, 0.000323
10531, 0.000327
10541, 0.000508
10551, 0.000323
10561, 0.000313
10571, 0.000374
10581, 0.000711
10591, 0.000334
10601, 0.000686
10611, 0.000405
10621, 0.000331
10631, 0.000321
10641, 0.000324
10651, 0.000339
10661, 0.00032
10671, 0.000396
10681, 0.000342
10691, 0.000338
10701, 0.000337
10711, 0.0011
10721, 0.00033
10731, 0.000424
10741, 0.000319
10751, 0.000352
10761, 0.000385
10771, 0.000321
10781, 0.000317
10791, 0.000339
10801, 0.000549
10811, 0.000324
10821, 0.000325
10831, 0.000329
10841, 0.000322
10851, 0.000505
10861, 0.000304
10871, 0.000333
10881, 0.000383
10891, 0.000506
10901, 0.000367
10911, 0.000364
10921, 0.000655
10931, 0.000325
10941, 0.000333
10951, 0.000378
10961, 0.000328
10971, 0.000387
10981, 0.000359
10991, 0.000317
11001, 0.000328
11011, 0.00031
11021, 0.000328
11031, 0.000508
11041, 0.000352
11051, 0.000324
11061, 0.000506
11071, 0.000316
11081, 0.000501
11091, 0.00034
11101, 0.000335
11111, 0.000507
11121, 0.000317
11131, 0.000323
11141, 0.000339
11151, 0.00052
11161, 0.00036
11171, 0.000319
11181, 0.000331
11191, 0.000341
11201, 0.000304
11211, 0.00037
11221, 0.000318
11231, 0.000333
11241, 0.00032
11251, 0.000453
11261, 0.000321
11271, 0.000322
11281, 0.000313
11291, 0.000326
11301, 0.000511
11311, 0.000506
11321, 0.000318
11331, 0.000459
11341, 0.000324
11351, 0.000327
11361, 0.000336
11371, 0.000317
11381, 0.000342
11391, 0.000333
11401, 0.000319
11411, 0.000303
11421, 0.000381
11431, 0.0005
11441, 0.000408
11451, 0.000519
11461, 0.000343
11471, 0.000325
11481, 0.000356
11491, 0.000531
11501, 0.0004
11511, 0.000359
11521, 0.000333
11531, 0.00032
11541, 0.000331
11551, 0.000509
11561, 0.000326
11571, 0.00033
11581, 0.00031
11591, 0.000337
11601, 0.000322
11611, 0.000325
11621, 0.000319
11631, 0.000471
11641, 0.000354
11651, 0.000323
11661, 0.000588
11671, 0.000328
11681, 0.000341
11691, 0.000323
11701, 0.00179
11711, 0.000535
11721, 0.000785
11731, 0.000514
11741, 0.000317
11751, 0.000504
11761, 0.000304
11771, 0.000519
11781, 0.00032
11791, 0.000538
11801, 0.000364
11811, 0.000348
11821, 0.000329
11831, 0.000322
11841, 0.000325
11851, 0.000336
11861, 0.000348
11871, 0.000666
11881, 0.000348
11891, 0.000494
11901, 0.000313
11911, 0.000381
11921, 0.000342
11931, 0.000405
11941, 0.000331
11951, 0.000356
11961, 0.000387
11971, 0.00032
11981, 0.000335
11991, 0.000331
12001, 0.000511
12011, 0.000665
12021, 0.000323
12031, 0.00031
12041, 0.000324
12051, 0.000411
12061, 0.000349
12071, 0.000386
12081, 0.00035
12091, 0.000321
12101, 0.000322
12111, 0.000333
12121, 0.000394
12131, 0.000521
12141, 0.000325
12151, 0.00047
12161, 0.00053
12171, 0.000469
12181, 0.000393
12191, 0.000308
12201, 0.000325
12211, 0.000309
12221, 0.000345
12231, 0.000351
12241, 0.001636
12251, 0.003372
12261, 0.000343
12271, 0.000501
12281, 0.000323
12291, 0.000493
12301, 0.000712
12311, 0.000344
12321, 0.000956
12331, 0.00033
12341, 0.000341
12351, 0.00031
12361, 0.000341
12371, 0.000403
12381, 0.000331
12391, 0.000509
12401, 0.000327
12411, 0.000337
12421, 0.000507
12431, 0.000333
12441, 0.000311
12451, 0.00035
12461, 0.000381
12471, 0.000308
12481, 0.001094
12491, 0.000321
12501, 0.000351
12511, 0.000324
12521, 0.000321
12531, 0.00033
12541, 0.000353
12551, 0.000798
12561, 0.000534
12571, 0.000317
12581, 0.000324
12591, 0.001398
12601, 0.000443
12611, 0.000395
12621, 0.00046
12631, 0.000339
12641, 0.000331
12651, 0.000332
12661, 0.000332
12671, 0.000316
12681, 0.000314
12691, 0.00032
12701, 0.000545
12711, 0.000349
12721, 0.000561
12731, 0.000512
12741, 0.000463
12751, 0.000488
12761, 0.000323
12771, 0.000391
12781, 0.000337
12791, 0.000354
12801, 0.00041
12811, 0.000493
12821, 0.000373
12831, 0.000591
12841, 0.00034
12851, 0.000305
12861, 0.000325
12871, 0.000398
12881, 0.00034
12891, 0.000333
12901, 0.000329
12911, 0.000323
12921, 0.000408
12931, 0.000554
12941, 0.000363
12951, 0.000332
12961, 0.000374
12971, 0.000359
12981, 0.000326
12991, 0.000357
13001, 0.000328
13011, 0.000501
13021, 0.000424
13031, 0.000439
13041, 0.000337
13051, 0.000319
13061, 0.000496
13071, 0.000548
13081, 0.000332
13091, 0.000329
13101, 0.000319
13111, 0.00034
13121, 0.00033
13131, 0.000506
13141, 0.000321
13151, 0.000328
13161, 0.000313
13171, 0.000339
13181, 0.000321
13191, 0.000751
13201, 0.000335
13211, 0.000342
13221, 0.000303
13231, 0.000362
13241, 0.000331
13251, 0.0005
13261, 0.000313
13271, 0.000324
13281, 0.000312
13291, 0.00072
13301, 0.000496
13311, 0.00039
13321, 0.000319
13331, 0.00031
13341, 0.00036
13351, 0.000328
13361, 0.000346
13371, 0.000325
13381, 0.000325
13391, 0.000368
13401, 0.000324
13411, 0.000392
13421, 0.000307
13431, 0.00034
13441, 0.00032
13451, 0.000331
13461, 0.000367
13471, 0.000554
13481, 0.000379
13491, 0.000327
13501, 0.000361
13511, 0.00033
13521, 0.000374
13531, 0.000498
13541, 0.000332
13551, 0.000352
13561, 0.000381
13571, 0.000501
13581, 0.000332
13591, 0.000316
13601, 0.00049
13611, 0.000797
13621, 0.000349
13631, 0.000322
13641, 0.00044
13651, 0.00035
13661, 0.001419
13671, 0.00034
13681, 0.00073
13691, 0.000327
13701, 0.000321
13711, 0.000342
13721, 0.000402
13731, 0.000332
13741, 0.000538
13751, 0.000378
13761, 0.000377
13771, 0.000358
13781, 0.000334
13791, 0.000385
13801, 0.000319
13811, 0.000317
13821, 0.000337
13831, 0.000599
13841, 0.000525
13851, 0.00044
13861, 0.00034
13871, 0.000504
13881, 0.000316
13891, 0.000507
13901, 0.000337
13911, 0.000316
13921, 0.000331
13931, 0.000504
13941, 0.000331
13951, 0.000409
13961, 0.000378
13971, 0.000321
13981, 0.000706
13991, 0.000318
14001, 0.000333
14011, 0.00038
14021, 0.000321
14031, 0.000336
14041, 0.000502
14051, 0.000337
14061, 0.00032
14071, 0.000326
14081, 0.00032
14091, 0.000562
14101, 0.000786
14111, 0.000311
14121, 0.000322
14131, 0.000547
14141, 0.000347
14151, 0.000317
14161, 0.000466
14171, 0.000326
14181, 0.000414
14191, 0.000561
14201, 0.000531
14211, 0.00041
14221, 0.000394
14231, 0.00036
14241, 0.000317
14251, 0.000389
14261, 0.00035
14271, 0.000414
14281, 0.000342
14291, 0.000378
14301, 0.000327
14311, 0.000322
14321, 0.000409
14331, 0.000305
14341, 0.000312
14351, 0.000384
14361, 0.000317
14371, 0.000496
14381, 0.000686
14391, 0.00059
14401, 0.000491
14411, 0.000311
14421, 0.000332
14431, 0.000314
14441, 0.00033
14451, 0.000327
14461, 0.000363
14471, 0.000322
14481, 0.000509
14491, 0.000386
14501, 0.000343
14511, 0.000511
14521, 0.000375
14531, 0.000516
14541, 0.000334
14551, 0.000499
14561, 0.000378
14571, 0.00033
14581, 0.000507
14591, 0.000479
14601, 0.00033
14611, 0.000368
14621, 0.000475
14631, 0.000323
14641, 0.000331
14651, 0.000328
14661, 0.000323
14671, 0.000382
14681, 0.000513
14691, 0.00032
14701, 0.000492
14711, 0.000316
14721, 0.000364
14731, 0.000325
14741, 0.000373
14751, 0.00032
14761, 0.00039
14771, 0.000308
14781, 0.000332
14791, 0.000541
14801, 0.000319
14811, 0.000564
14821, 0.000324
14831, 0.000336
14841, 0.000326
14851, 0.000324
14861, 0.000503
14871, 0.000518
14881, 0.000361
14891, 0.000559
14901, 0.000553
14911, 0.000505
14921, 0.000555
14931, 0.000317
14941, 0.00032
14951, 0.000317
14961, 0.000355
14971, 0.000511
14981, 0.000334
14991, 0.000643
15001, 0.000315
15011, 0.000508
15021, 0.000508
15031, 0.000532
15041, 0.000509
15051, 0.000331
15061, 0.000322
15071, 0.000331
15081, 0.000556
15091, 0.000514
15101, 0.000506
15111, 0.000314
15121, 0.000556
15131, 0.000337
15141, 0.000322
15151, 0.000564
15161, 0.00069
15171, 0.000527
15181, 0.000326
15191, 0.000359
15201, 0.000389
15211, 0.000762
15221, 0.000324
15231, 0.000552
15241, 0.000365
15251, 0.000486
15261, 0.000324
15271, 0.000589
15281, 0.000561
15291, 0.000329
15301, 0.001214
15311, 0.000574
15321, 0.000389
15331, 0.000334
15341, 0.000356
15351, 0.00039
15361, 0.000548
15371, 0.000388
15381, 0.000325
15391, 0.000365
15401, 0.000315
15411, 0.000375
15421, 0.000379
15431, 0.000754
15441, 0.000343
15451, 0.000318
15461, 0.000319
15471, 0.00056
15481, 0.000321
15491, 0.000507
15501, 0.001112
15511, 0.000501
15521, 0.000508
15531, 0.000318
15541, 0.000367
15551, 0.000357
15561, 0.000569
15571, 0.000375
15581, 0.000323
15591, 0.000377
15601, 0.000324
15611, 0.000319
15621, 0.00036
15631, 0.000748
15641, 0.000466
15651, 0.000548
15661, 0.000402
15671, 0.000323
15681, 0.000325
15691, 0.00032
15701, 0.000381
15711, 0.000504
15721, 0.000599
15731, 0.000454
15741, 0.000496
15751, 0.000493
15761, 0.000312
15771, 0.000374
15781, 0.000555
15791, 0.000437
15801, 0.000856
15811, 0.000323
15821, 0.000555
15831, 0.000338
15841, 0.000396
15851, 0.000708
15861, 0.000339
15871, 0.000461
15881, 0.000559
15891, 0.00033
15901, 0.000405
15911, 0.000512
15921, 0.000317
15931, 0.000507
15941, 0.000561
15951, 0.000388
15961, 0.00049
15971, 0.000564
15981, 0.000342
15991, 0.000379
16001, 0.000417
16011, 0.000952
16021, 0.000373
16031, 0.000351
16041, 0.000324
16051, 0.000316
16061, 0.000403
16071, 0.000457
16081, 0.000479
16091, 0.000479
16101, 0.000484
16111, 0.000419
16121, 0.000332
16131, 0.000335
16141, 0.000508
16151, 0.000332
16161, 0.000317
16171, 0.000594
16181, 0.000472
16191, 0.000399
16201, 0.000368
16211, 0.000362
16221, 0.000455
16231, 0.000316
16241, 0.000488
16251, 0.000796
16261, 0.000355
16271, 0.000617
16281, 0.000355
16291, 0.000326
16301, 0.000313
16311, 0.000434
16321, 0.000315
16331, 0.000329
16341, 0.000468
16351, 0.00037
16361, 0.000647
16371, 0.001531
16381, 0.000335
16391, 0.000368
16401, 0.000431
16411, 0.000825
16421, 0.000369
16431, 0.000365
16441, 0.000332
16451, 0.000323
16461, 0.000397
16471, 0.000581
16481, 0.00049
16491, 0.000326
16501, 0.000515
16511, 0.000348
16521, 0.000322
16531, 0.000526
16541, 0.00041
16551, 0.000322
16561, 0.000511
16571, 0.000353
16581, 0.000559
16591, 0.000331
16601, 0.000404
16611, 0.000497
16621, 0.000386
16631, 0.000508
16641, 0.000399
16651, 0.000571
16661, 0.000376
16671, 0.000333
16681, 0.000332
16691, 0.000382
16701, 0.000375
16711, 0.000496
16721, 0.000502
16731, 0.000424
16741, 0.000382
16751, 0.000387
16761, 0.000446
16771, 0.000447
16781, 0.000332
16791, 0.000318
16801, 0.00033
16811, 0.00038
16821, 0.000377
16831, 0.000356
16841, 0.000458
16851, 0.000317
16861, 0.000319
16871, 0.000322
16881, 0.000548
16891, 0.000315
16901, 0.000422
16911, 0.000548
16921, 0.000341
16931, 0.000488
16941, 0.000511
16951, 0.000327
16961, 0.000307
16971, 0.000315
16981, 0.00032
16991, 0.000353
17001, 0.000499
17011, 0.000383
17021, 0.000504
17031, 0.000316
17041, 0.000316
17051, 0.000499
17061, 0.000324
17071, 0.0005
17081, 0.000506
17091, 0.000318
17101, 0.000329
17111, 0.000326
17121, 0.000319
17131, 0.000308
17141, 0.000321
17151, 0.000505
17161, 0.000559
17171, 0.000486
17181, 0.000398
17191, 0.000318
17201, 0.000318
17211, 0.000497
17221, 0.000721
17231, 0.000496
17241, 0.000323
17251, 0.000456
17261, 0.000322
17271, 0.000546
17281, 0.000331
17291, 0.000356
17301, 0.000435
17311, 0.000312
17321, 0.000594
17331, 0.000574
17341, 0.000498
17351, 0.000316
17361, 0.000493
17371, 0.000324
17381, 0.000342
17391, 0.000439
17401, 0.000638
17411, 0.000509
17421, 0.00039
17431, 0.00033
17441, 0.000679
17451, 0.000315
17461, 0.000365
17471, 0.000502
17481, 0.000502
17491, 0.000541
17501, 0.000919
17511, 0.000508
17521, 0.000345
17531, 0.00053
17541, 0.000499
17551, 0.000342
17561, 0.00069
17571, 0.000349
17581, 0.000501
17591, 0.000365
17601, 0.000665
17611, 0.000513
17621, 0.000808
17631, 0.000832
17641, 0.000603
17651, 0.000322
17661, 0.000623
17671, 0.000323
17681, 0.000503
17691, 0.000596
17701, 0.000492
17711, 0.000501
17721, 0.000402
17731, 0.00033
17741, 0.000313
17751, 0.000562
17761, 0.000499
17771, 0.000375
17781, 0.000344
17791, 0.000497
17801, 0.000364
17811, 0.000509
17821, 0.000343
17831, 0.000529
17841, 0.000377
17851, 0.000335
17861, 0.000649
17871, 0.000549
17881, 0.0005
17891, 0.00032
17901, 0.000379
17911, 0.000548
17921, 0.000521
17931, 0.000502
17941, 0.00058
17951, 0.000385
17961, 0.000504
17971, 0.000345
17981, 0.000553
17991, 0.000741
18001, 0.000325
18011, 0.000554
18021, 0.000525
18031, 0.000347
18041, 0.000597
18051, 0.000314
18061, 0.000369
18071, 0.00052
18081, 0.000596
18091, 0.00033
18101, 0.000499
18111, 0.00055
18121, 0.000315
18131, 0.000565
18141, 0.000551
18151, 0.000548
18161, 0.000322
18171, 0.000544
18181, 0.000375
18191, 0.000375
18201, 0.000527
18211, 0.000549
18221, 0.000506
18231, 0.000318
18241, 0.000385
18251, 0.000322
18261, 0.000331
18271, 0.000321
18281, 0.000512
18291, 0.000316
18301, 0.000502
18311, 0.000502
18321, 0.000548
18331, 0.000317
18341, 0.000321
18351, 0.000614
18361, 0.000333
18371, 0.000553
18381, 0.000328
18391, 0.00057
18401, 0.000334
18411, 0.000374
18421, 0.000315
18431, 0.00056
18441, 0.000524
18451, 0.000321
18461, 0.000549
18471, 0.000509
18481, 0.000554
18491, 0.000336
18501, 0.00038
18511, 0.000508
18521, 0.000323
18531, 0.000378
18541, 0.000658
18551, 0.000374
18561, 0.000336
18571, 0.000512
18581, 0.000517
18591, 0.000362
18601, 0.000374
18611, 0.000323
18621, 0.000317
18631, 0.000321
18641, 0.000505
18651, 0.000558
18661, 0.000319
18671, 0.000312
18681, 0.000381
18691, 0.000315
18701, 0.000379
18711, 0.000551
18721, 0.000501
18731, 0.000324
18741, 0.000327
18751, 0.000312
18761, 0.000581
18771, 0.000325
18781, 0.000324
18791, 0.000371
18801, 0.000363
18811, 0.000358
18821, 0.000342
18831, 0.000549
18841, 0.00051
18851, 0.000322
18861, 0.000559
18871, 0.000388
18881, 0.000669
18891, 0.000322
18901, 0.000554
18911, 0.000524
18921, 0.000317
18931, 0.000364
18941, 0.000513
18951, 0.000389
18961, 0.000514
18971, 0.00074
18981, 0.000507
18991, 0.000566
19001, 0.000577
19011, 0.000508
19021, 0.000539
19031, 0.000514
19041, 0.000494
19051, 0.000572
19061, 0.000547
19071, 0.000322
19081, 0.000321
19091, 0.000495
19101, 0.000506
19111, 0.000322
19121, 0.000326
19131, 0.000551
19141, 0.000421
19151, 0.000557
19161, 0.000316
19171, 0.000506
19181, 0.000313
19191, 0.000503
19201, 0.000569
19211, 0.000318
19221, 0.000567
19231, 0.000319
19241, 0.000533
19251, 0.000493
19261, 0.000373
19271, 0.000494
19281, 0.000486
19291, 0.000546
19301, 0.000384
19311, 0.000343
19321, 0.000496
19331, 0.00049
19341, 0.000555
19351, 0.000479
19361, 0.000369
19371, 0.000377
19381, 0.000505
19391, 0.000324
19401, 0.000511
19411, 0.000496
19421, 0.000493
19431, 0.00051
19441, 0.000506
19451, 0.000556
19461, 0.000511
19471, 0.000678
19481, 0.000508
19491, 0.000503
19501, 0.000491
19511, 0.000561
19521, 0.00074
19531, 0.000507
19541, 0.000332
19551, 0.000506
19561, 0.000504
19571, 0.000753
19581, 0.000572
19591, 0.000513
19601, 0.000494
19611, 0.000371
19621, 0.000383
19631, 0.000522
19641, 0.000551
19651, 0.000515
19661, 0.000576
19671, 0.000506
19681, 0.00052
19691, 0.000569
19701, 0.000503
19711, 0.000341
19721, 0.000528
19731, 0.000363
19741, 0.000542
19751, 0.000564
19761, 0.000411
19771, 0.000308
19781, 0.000493
19791, 0.000397
19801, 0.000539
19811, 0.000505
19821, 0.000323
19831, 0.000374
19841, 0.000376
19851, 0.000522
19861, 0.000534
19871, 0.000379
19881, 0.000528
19891, 0.000732
19901, 0.000554
19911, 0.000576
19921, 0.000489
19931, 0.00055
19941, 0.000857
19951, 0.000553
19961, 0.000493
19971, 0.000615
19981, 0.000514
19991, 0.000331
20001, 0.000503
20011, 0.000486
20021, 0.000321
20031, 0.000553
20041, 0.000509
20051, 0.000689
20061, 0.0005
20071, 0.00057
20081, 0.000564
20091, 0.000579
20101, 0.000576
20111, 0.000379
20121, 0.000718
20131, 0.00051
20141, 0.000491
20151, 0.000508
20161, 0.000315
20171, 0.000496
20181, 0.00033
20191, 0.000321
20201, 0.000498
20211, 0.000378
20221, 0.000516
20231, 0.000503
20241, 0.000531
20251, 0.000555
20261, 0.000528
20271, 0.000513
20281, 0.000386
20291, 0.000529
20301, 0.000547
20311, 0.000505
20321, 0.000497
20331, 0.000313
20341, 0.000539
20351, 0.000567
20361, 0.000326
20371, 0.000496
20381, 0.000613
20391, 0.000502
20401, 0.000325
20411, 0.000558
20421, 0.00038
20431, 0.000367
20441, 0.000573
20451, 0.000417
20461, 0.000316
20471, 0.00055
20481, 0.000518
20491, 0.000567
20501, 0.000558
20511, 0.000515
20521, 0.000498
20531, 0.000364
20541, 0.000618
20551, 0.000498
20561, 0.000496
20571, 0.000565
20581, 0.000633
20591, 0.000497
20601, 0.000527
20611, 0.000552
20621, 0.000501
20631, 0.000324
20641, 0.000635
20651, 0.000527
20661, 0.000512
20671, 0.000498
20681, 0.000368
20691, 0.0005
20701, 0.000373
20711, 0.000504
20721, 0.00054
20731, 0.000496
20741, 0.000497
20751, 0.000607
20761, 0.000582
20771, 0.000546
20781, 0.000525
20791, 0.000506
20801, 0.000504
20811, 0.000496
20821, 0.000499
20831, 0.000331
20841, 0.000561
20851, 0.000516
20861, 0.000615
20871, 0.000544
20881, 0.000512
20891, 0.000742
20901, 0.000563
20911, 0.000515
20921, 0.000673
20931, 0.000507
20941, 0.000518
20951, 0.000564
20961, 0.000573
20971, 0.000528
20981, 0.000514
20991, 0.000377
21001, 0.000496
21011, 0.000551
21021, 0.000311
21031, 0.000776
21041, 0.000374
21051, 0.000556
21061, 0.000521
21071, 0.000384
21081, 0.000531
21091, 0.000745
21101, 0.000507
21111, 0.000527
21121, 0.000331
21131, 0.00053
21141, 0.000494
21151, 0.000385
21161, 0.000379
21171, 0.000501
21181, 0.000591
21191, 0.000579
21201, 0.000382
21211, 0.000323
21221, 0.000655
21231, 0.000495
21241, 0.000539
21251, 0.000561
21261, 0.000512
21271, 0.000367
21281, 0.000506
21291, 0.000327
21301, 0.000512
21311, 0.000495
21321, 0.000584
21331, 0.000525
21341, 0.000497
21351, 0.000546
21361, 0.000588
21371, 0.000558
21381, 0.000491
21391, 0.000355
21401, 0.000498
21411, 0.000504
21421, 0.000554
21431, 0.000595
21441, 0.000374
21451, 0.000539
21461, 0.000555
21471, 0.000381
21481, 0.000386
21491, 0.000376
21501, 0.000379
21511, 0.000322
21521, 0.000369
21531, 0.000505
21541, 0.000387
21551, 0.000561
21561, 0.000511
21571, 0.000582
21581, 0.000372
21591, 0.000562
21601, 0.000376
21611, 0.000522
21621, 0.000559
21631, 0.000317
21641, 0.000507
21651, 0.00055
21661, 0.000361
21671, 0.000319
21681, 0.000494
21691, 0.000511
21701, 0.00032
21711, 0.000598
21721, 0.000423
21731, 0.000511
21741, 0.000501
21751, 0.000322
21761, 0.000547
21771, 0.000554
21781, 0.000501
21791, 0.000514
21801, 0.000511
21811, 0.00038
21821, 0.000509
21831, 0.000326
21841, 0.000497
21851, 0.000544
21861, 0.000609
21871, 0.00038
21881, 0.000563
21891, 0.000623
21901, 0.000552
21911, 0.0005
21921, 0.000496
21931, 0.000543
21941, 0.000375
21951, 0.000551
21961, 0.0005
21971, 0.000544
21981, 0.000517
21991, 0.000381
22001, 0.000419
22011, 0.000494
22021, 0.00051
22031, 0.000539
22041, 0.000503
22051, 0.000495
22061, 0.00056
22071, 0.00032
22081, 0.000386
22091, 0.000557
22101, 0.000546
22111, 0.000492
22121, 0.000541
22131, 0.000393
22141, 0.000513
22151, 0.000507
22161, 0.000524
22171, 0.000539
22181, 0.000519
22191, 0.000313
22201, 0.000524
22211, 0.000661
22221, 0.000385
22231, 0.000531
22241, 0.000514
22251, 0.000325
22261, 0.00042
22271, 0.000506
22281, 0.000497
22291, 0.000498
22301, 0.000553
22311, 0.000502
22321, 0.000326
22331, 0.000518
22341, 0.000356
22351, 0.00037
22361, 0.000494
22371, 0.000494
22381, 0.000331
22391, 0.000508
22401, 0.000428
22411, 0.000333
22421, 0.00031
22431, 0.000331
22441, 0.000351
22451, 0.000495
22461, 0.000495
22471, 0.000364
22481, 0.000497
22491, 0.000535
22501, 0.000522
22511, 0.000505
22521, 0.000522
22531, 0.000504
22541, 0.000501
22551, 0.000501
22561, 0.000373
22571, 0.000511
22581, 0.000321
22591, 0.000734
22601, 0.00065
22611, 0.000327
22621, 0.000568
22631, 0.000501
22641, 0.000552
22651, 0.000495
22661, 0.000548
22671, 0.0005
22681, 0.000387
22691, 0.000378
22701, 0.000777
22711, 0.000511
22721, 0.000503
22731, 0.000376
22741, 0.000514
22751, 0.000722
22761, 0.000501
22771, 0.000495
22781, 0.000503
22791, 0.00057
22801, 0.000514
22811, 0.000559
22821, 0.000516
22831, 0.000528
22841, 0.000326
22851, 0.000399
22861, 0.00052
22871, 0.000497
22881, 0.000702
22891, 0.000517
22901, 0.000402
22911, 0.000492
22921, 0.000384
22931, 0.000512
22941, 0.000489
22951, 0.000555
22961, 0.000513
22971, 0.000526
22981, 0.000344
22991, 0.000498
23001, 0.000492
23011, 0.000373
23021, 0.000377
23031, 0.000572
23041, 0.000411
23051, 0.000573
23061, 0.000375
23071, 0.000327
23081, 0.00032
23091, 0.000603
23101, 0.000558
23111, 0.000511
23121, 0.000396
23131, 0.000332
23141, 0.000516
23151, 0.000449
23161, 0.000508
23171, 0.00057
23181, 0.000571
23191, 0.000513
23201, 0.000518
23211, 0.000519
23221, 0.000318
23231, 0.000381
23241, 0.00051
23251, 0.000305
23261, 0.000419
23271, 0.0005
23281, 0.000511
23291, 0.000547
23301, 0.000318
23311, 0.00032
23321, 0.000387
23331, 0.000527
23341, 0.000331
23351, 0.000317
23361, 0.0005
23371, 0.00035
23381, 0.000338
23391, 0.000516
23401, 0.000581
23411, 0.000491
23421, 0.000316
23431, 0.000532
23441, 0.000335
23451, 0.000605
23461, 0.000415
23471, 0.000507
23481, 0.000371
23491, 0.000317
23501, 0.000598
23511, 0.000512
23521, 0.000504
23531, 0.000491
23541, 0.000581
23551, 0.000399
23561, 0.000339
23571, 0.000495
23581, 0.000506
23591, 0.000486
23601, 0.000557
23611, 0.000376
23621, 0.000501
23631, 0.000497
23641, 0.000382
23651, 0.000315
23661, 0.00049
23671, 0.001471
23681, 0.000324
23691, 0.000491
23701, 0.000383
23711, 0.000372
23721, 0.001153
23731, 0.000575
23741, 0.00033
23751, 0.000374
23761, 0.000581
23771, 0.000417
23781, 0.000386
23791, 0.000581
23801, 0.000351
23811, 0.000574
23821, 0.000691
23831, 0.00098
23841, 0.000562
23851, 0.000513
23861, 0.000471
23871, 0.00039
23881, 0.000342
23891, 0.000725
23901, 0.000319
23911, 0.000351
23921, 0.000362
23931, 0.000405
23941, 0.000512
23951, 0.000525
23961, 0.000495
23971, 0.000474
23981, 0.000515
23991, 0.000513
24001, 0.000505
24011, 0.000478
24021, 0.000912
24031, 0.000386
24041, 0.000382
24051, 0.000509
24061, 0.000371
24071, 0.000329
24081, 0.000578
24091, 0.0004
24101, 0.000319
24111, 0.000547
24121, 0.000373
24131, 0.000408
24141, 0.000317
24151, 0.000672
24161, 0.000414
24171, 0.000649
24181, 0.000378
24191, 0.000376
24201, 0.000501
24211, 0.000323
24221, 0.000334
24231, 0.000365
24241, 0.000346
24251, 0.000505
24261, 0.000535
24271, 0.000722
24281, 0.000619
24291, 0.000743
24301, 0.000324
24311, 0.000543
24321, 0.000375
24331, 0.000374
24341, 0.000544
24351, 0.000582
24361, 0.000369
24371, 0.000367
24381, 0.00064
24391, 0.000375
24401, 0.000497
24411, 0.000505
24421, 0.000491
24431, 0.000407
24441, 0.000374
24451, 0.000404
24461, 0.000486
24471, 0.000499
24481, 0.000409
24491, 0.000377
24501, 0.000374
24511, 0.000369
24521, 0.0005
24531, 0.000419
24541, 0.00038
24551, 0.000366
24561, 0.000372
24571, 0.000501
24581, 0.000726
24591, 0.00033
24601, 0.000514
24611, 0.000489
24621, 0.000502
24631, 0.000776
24641, 0.000533
24651, 0.000517
24661, 0.000497
24671, 0.00051
24681, 0.000548
24691, 0.000456
24701, 0.000553
24711, 0.000497
24721, 0.000369
24731, 0.000487
24741, 0.00037
24751, 0.00037
24761, 0.000484
24771, 0.000494
24781, 0.000518
24791, 0.000508
24801, 0.000323
24811, 0.000544
24821, 0.000495
24831, 0.000325
24841, 0.000506
24851, 0.000531
24861, 0.000502
24871, 0.000452
24881, 0.000619
24891, 0.000382
24901, 0.000455
24911, 0.000344
24921, 0.000512
24931, 0.000503
24941, 0.000328
24951, 0.000617
24961, 0.000657
24971, 0.000325
24981, 0.000502
24991, 0.000504
25001, 0.000359
25011, 0.000543
25021, 0.000547
25031, 0.000564
25041, 0.000498
25051, 0.000492
25061, 0.000542
25071, 0.000497
25081, 0.000595
25091, 0.000487
25101, 0.000507
25111, 0.000498
25121, 0.000372
25131, 0.000494
25141, 0.000317
25151, 0.000488
25161, 0.00054
25171, 0.000498
25181, 0.000496
25191, 0.000499
25201, 0.000381
25211, 0.000367
25221, 0.000358
25231, 0.00038
25241, 0.000496
25251, 0.0005
25261, 0.000512
25271, 0.000501
25281, 0.000495
25291, 0.000604
25301, 0.000493
25311, 0.000564
25321, 0.00037
25331, 0.000494
25341, 0.000502
25351, 0.00034
25361, 0.000558
25371, 0.00037
25381, 0.000545
25391, 0.000498
25401, 0.000375
25411, 0.000558
25421, 0.000497
25431, 0.00051
25441, 0.000561
25451, 0.0005
25461, 0.000496
25471, 0.000673
25481, 0.000611
25491, 0.000379
25501, 0.000502
25511, 0.000496
25521, 0.000498
25531, 0.00032
25541, 0.00053
25551, 0.000556
25561, 0.000319
25571, 0.000406
25581, 0.000511
25591, 0.000509
25601, 0.000583
25611, 0.000555
25621, 0.000497
25631, 0.000498
25641, 0.000557
25651, 0.000548
25661, 0.000315
25671, 0.000492
25681, 0.000492
25691, 0.000499
25701, 0.00037
25711, 0.000311
25721, 0.000492
25731, 0.000577
25741, 0.000509
25751, 0.000547
25761, 0.000501
25771, 0.000546
25781, 0.000661
25791, 0.000573
25801, 0.000316
25811, 0.00053
25821, 0.000494
25831, 0.00051
25841, 0.000598
25851, 0.000495
25861, 0.000495
25871, 0.000513
25881, 0.000599
25891, 0.000493
25901, 0.000334
25911, 0.000491
25921, 0.000365
25931, 0.000641
25941, 0.000496
25951, 0.000381
25961, 0.000511
25971, 0.000483
25981, 0.000499
25991, 0.000497
26001, 0.000501
26011, 0.00062
26021, 0.000514
26031, 0.000539
26041, 0.000508
26051, 0.000499
26061, 0.000501
26071, 0.000704
26081, 0.00032
26091, 0.000402
26101, 0.000495
26111, 0.000558
26121, 0.000548
26131, 0.000496
26141, 0.000523
26151, 0.000316
26161, 0.000518
26171, 0.000555
26181, 0.000674
26191, 0.000519
26201, 0.000378
26211, 0.000591
26221, 0.000494
26231, 0.000377
26241, 0.000557
26251, 0.000496
26261, 0.000537
26271, 0.00032
26281, 0.000554
26291, 0.000492
26301, 0.000384
26311, 0.000499
26321, 0.000504
26331, 0.000493
26341, 0.000614
26351, 0.000358
26361, 0.000502
26371, 0.000365
26381, 0.000517
26391, 0.00055
26401, 0.000494
26411, 0.000565
26421, 0.000511
26431, 0.000662
26441, 0.000511
26451, 0.000361
26461, 0.000493
26471, 0.000495
26481, 0.000325
26491, 0.000442
26501, 0.000366
26511, 0.000865
26521, 0.000625
26531, 0.00065
26541, 0.000389
26551, 0.000401
26561, 0.000378
26571, 0.000326
26581, 0.000504
26591, 0.000331
26601, 0.000506
26611, 0.000363
26621, 0.001235
26631, 0.000364
26641, 0.000512
26651, 0.000332
26661, 0.000435
26671, 0.000338
26681, 0.000378
26691, 0.000378
26701, 0.00057
26711, 0.000664
26721, 0.000523
26731, 0.000681
26741, 0.000425
26751, 0.000384
26761, 0.00035
26771, 0.000384
26781, 0.000709
26791, 0.000373
26801, 0.0005
26811, 0.000373
26821, 0.000318
26831, 0.000439
26841, 0.000353
26851, 0.000364
26861, 0.000565
26871, 0.000326
26881, 0.000706
26891, 0.000874
26901, 0.000511
26911, 0.000365
26921, 0.000707
26931, 0.000411
26941, 0.000578
26951, 0.000408
26961, 0.000394
26971, 0.000867
26981, 0.000377
26991, 0.000385
27001, 0.000553
27011, 0.000325
27021, 0.000336
27031, 0.000372
27041, 0.000349
27051, 0.000537
27061, 0.000502
27071, 0.00037
27081, 0.000511
27091, 0.000555
27101, 0.000486
27111, 0.000515
27121, 0.000507
27131, 0.001065
27141, 0.000321
27151, 0.000329
27161, 0.000553
27171, 0.000467
27181, 0.000515
27191, 0.000583
27201, 0.000362
27211, 0.00037
27221, 0.000361
27231, 0.000557
27241, 0.000403
27251, 0.000537
27261, 0.000388
27271, 0.000504
27281, 0.000518
27291, 0.000512
27301, 0.000524
27311, 0.000507
27321, 0.000748
27331, 0.000333
27341, 0.000772
27351, 0.000551
27361, 0.000492
27371, 0.000508
27381, 0.0005
27391, 0.000327
27401, 0.000535
27411, 0.000954
27421, 0.000969
27431, 0.00055
27441, 0.000487
27451, 0.000555
27461, 0.000492
27471, 0.0005
27481, 0.000493
27491, 0.000491
27501, 0.000311
27511, 0.000711
27521, 0.001026
27531, 0.000497
27541, 0.000437
27551, 0.000742
27561, 0.000316
27571, 0.000366
27581, 0.000494
27591, 0.000374
27601, 0.000322
27611, 0.000516
27621, 0.000316
27631, 0.000497
27641, 0.000317
27651, 0.000505
27661, 0.00049
27671, 0.000495
27681, 0.000828
27691, 0.00036
27701, 0.000499
27711, 0.000463
27721, 0.000499
27731, 0.000534
27741, 0.00049
27751, 0.000563
27761, 0.000498
27771, 0.000326
27781, 0.000492
27791, 0.000361
27801, 0.000508
27811, 0.000507
27821, 0.000374
27831, 0.000499
27841, 0.0005
27851, 0.000378
27861, 0.00037
27871, 0.000306
27881, 0.000494
27891, 0.000569
27901, 0.0005
27911, 0.000495
27921, 0.000499
27931, 0.000497
27941, 0.000545
27951, 0.00051
27961, 0.000507
27971, 0.000551
27981, 0.000545
27991, 0.000564
28001, 0.000327
28011, 0.000548
28021, 0.000517
28031, 0.000568
28041, 0.000518
28051, 0.000517
28061, 0.000341
28071, 0.000306
28081, 0.000353
28091, 0.00056
28101, 0.000309
28111, 0.000532
28121, 0.000561
28131, 0.000516
28141, 0.000375
28151, 0.000552
28161, 0.000499
28171, 0.000379
28181, 0.000365
28191, 0.000499
28201, 0.000505
28211, 0.0005
28221, 0.00051
28231, 0.000628
28241, 0.000496
28251, 0.000545
28261, 0.000528
28271, 0.000497
28281, 0.000509
28291, 0.000496
28301, 0.000579
28311, 0.000382
28321, 0.000507
28331, 0.000479
28341, 0.00051
28351, 0.000553
28361, 0.00052
28371, 0.000499
28381, 0.0005
28391, 0.000495
28401, 0.000527
28411, 0.000507
28421, 0.000713
28431, 0.000937
28441, 0.000382
28451, 0.000498
28461, 0.000566
28471, 0.000511
28481, 0.000376
28491, 0.000502
28501, 0.000509
28511, 0.000533
28521, 0.000542
28531, 0.000497
28541, 0.000545
28551, 0.000489
28561, 0.000417
28571, 0.000499
28581, 0.000505
28591, 0.000597
28601, 0.000537
28611, 0.000394
28621, 0.000552
28631, 0.000555
28641, 0.000373
28651, 0.00038
28661, 0.000315
28671, 0.000509
28681, 0.000314
28691, 0.000359
28701, 0.000582
28711, 0.000326
28721, 0.000507
28731, 0.000547
28741, 0.000504
28751, 0.000555
28761, 0.000539
28771, 0.000479
28781, 0.000382
28791, 0.000544
28801, 0.00031
28811, 0.000502
28821, 0.000484
28831, 0.00037
28841, 0.000685
28851, 0.000504
28861, 0.000321
28871, 0.000502
28881, 0.000495
28891, 0.000494
28901, 0.000496
28911, 0.000501
28921, 0.000495
28931, 0.000503
28941, 0.000564
28951, 0.000499
28961, 0.000496
28971, 0.000367
28981, 0.000565
28991, 0.000371
29001, 0.000491
29011, 0.000596
29021, 0.000564
29031, 0.000573
29041, 0.000538
29051, 0.000552
29061, 0.000375
29071, 0.000552
29081, 0.000323
29091, 0.000526
29101, 0.000325
29111, 0.000592
29121, 0.000555
29131, 0.000551
29141, 0.000518
29151, 0.000545
29161, 0.000498
29171, 0.000319
29181, 0.000552
29191, 0.000483
29201, 0.000504
29211, 0.000327
29221, 0.000561
29231, 0.000568
29241, 0.000564
29251, 0.000457
29261, 0.000437
29271, 0.000315
29281, 0.000315
29291, 0.000372
29301, 0.000366
29311, 0.000372
29321, 0.000327
29331, 0.000605
29341, 0.000508
29351, 0.000376
29361, 0.000496
29371, 0.0005
29381, 0.000487
29391, 0.000756
29401, 0.000547
29411, 0.000475
29421, 0.000548
29431, 0.00054
29441, 0.000496
29451, 0.000512
29461, 0.000491
29471, 0.000377
29481, 0.000501
29491, 0.00057
29501, 0.000383
29511, 0.000506
29521, 0.000375
29531, 0.000512
29541, 0.000499
29551, 0.00054
29561, 0.001205
29571, 0.000504
29581, 0.000495
29591, 0.000568
29601, 0.000646
29611, 0.000321
29621, 0.000508
29631, 0.000416
29641, 0.000509
29651, 0.000503
29661, 0.000397
29671, 0.0005
29681, 0.000503
29691, 0.000662
29701, 0.00039
29711, 0.000499
29721, 0.000358
29731, 0.000496
29741, 0.000394
29751, 0.000635
29761, 0.000533
29771, 0.000551
29781, 0.000509
29791, 0.000561
29801, 0.00055
29811, 0.00051
29821, 0.000418
29831, 0.000525
29841, 0.000377
29851, 0.000333
29861, 0.000381
29871, 0.000372
29881, 0.000587
29891, 0.000343
29901, 0.000545
29911, 0.000505
29921, 0.000522
29931, 0.00074
29941, 0.000385
29951, 0.000512
29961, 0.000498
29971, 0.000601
29981, 0.000544
29991, 0.0005
30001, 0.000505
30011, 0.000548
30021, 0.000352
30031, 0.000488
30041, 0.000353
30051, 0.000582
30061, 0.000571
30071, 0.000314
30081, 0.000599
30091, 0.000649
30101, 0.000492
30111, 0.000506
30121, 0.000567
30131, 0.000352
30141, 0.000394
30151, 0.000516
30161, 0.000329
30171, 0.000309
30181, 0.000503
30191, 0.000535
30201, 0.000372
30211, 0.000512
30221, 0.000385
30231, 0.000594
30241, 0.000354
30251, 0.000381
30261, 0.000403
30271, 0.000498
30281, 0.000496
30291, 0.000493
30301, 0.000492
30311, 0.000548
30321, 0.000543
30331, 0.000529
30341, 0.000494
30351, 0.000434
30361, 0.00055
30371, 0.000497
30381, 0.000492
30391, 0.000367
30401, 0.000524
30411, 0.000366
30421, 0.000503
30431, 0.000481
30441, 0.000581
30451, 0.000506
30461, 0.000511
30471, 0.000315
30481, 0.00037
30491, 0.000357
30501, 0.000652
30511, 0.000425
30521, 0.000463
30531, 0.000543
30541, 0.000553
30551, 0.000396
30561, 0.000563
30571, 0.000315
30581, 0.000525
30591, 0.000449
30601, 0.000321
30611, 0.000552
30621, 0.000501
30631, 0.00056
30641, 0.000402
30651, 0.000662
30661, 0.000554
30671, 0.000348
30681, 0.000552
30691, 0.000718
30701, 0.000505
30711, 0.000788
30721, 0.000328
30731, 0.00052
30741, 0.000513
30751, 0.000612
30761, 0.000497
30771, 0.00056
30781, 0.000319
30791, 0.00038
30801, 0.000562
30811, 0.000854
30821, 0.00055
30831, 0.000594
30841, 0.000896
30851, 0.000554
30861, 0.000509
30871, 0.000407
30881, 0.000496
30891, 0.000353
30901, 0.000514
30911, 0.000554
30921, 0.000575
30931, 0.000517
30941, 0.000383
30951, 0.00057
30961, 0.000706
30971, 0.00073
30981, 0.000579
30991, 0.000729
31001, 0.000494
31011, 0.00056
31021, 0.000381
31031, 0.000321
31041, 0.000598
31051, 0.000342
31061, 0.000523
31071, 0.000493
31081, 0.000495
31091, 0.000682
31101, 0.000372
31111, 0.000301
31121, 0.00038
31131, 0.000377
31141, 0.000495
31151, 0.000329
31161, 0.000505
31171, 0.000516
31181, 0.000578
31191, 0.000368
31201, 0.000525
31211, 0.000456
31221, 0.000507
31231, 0.000501
31241, 0.000319
31251, 0.00037
31261, 0.000466
31271, 0.000494
31281, 0.000376
31291, 0.000495
31301, 0.000496
31311, 0.000497
31321, 0.000575
31331, 0.000494
31341, 0.000543
31351, 0.000445
31361, 0.000415
31371, 0.000491
31381, 0.000501
31391, 0.000491
31401, 0.0005
31411, 0.000668
31421, 0.000498
31431, 0.000553
31441, 0.000507
31451, 0.00037
31461, 0.000492
31471, 0.000721
31481, 0.000562
31491, 0.000531
31501, 0.001041
31511, 0.000493
31521, 0.0004
31531, 0.000492
31541, 0.00049
31551, 0.000385
31561, 0.000492
31571, 0.000315
31581, 0.000546
31591, 0.000507
31601, 0.000499
31611, 0.000547
31621, 0.00034
31631, 0.000502
31641, 0.000536
31651, 0.000547
31661, 0.000367
31671, 0.000496
31681, 0.00038
31691, 0.000563
31701, 0.000495
31711, 0.000371
31721, 0.000498
31731, 0.000422
31741, 0.000501
31751, 0.000496
31761, 0.000362
31771, 0.000494
31781, 0.000486
31791, 0.000362
31801, 0.000366
31811, 0.00049
31821, 0.000496
31831, 0.000374
31841, 0.00055
31851, 0.00051
31861, 0.00051
31871, 0.000494
31881, 0.000543
31891, 0.000713
31901, 0.000592
31911, 0.00037
31921, 0.000678
31931, 0.000512
31941, 0.000457
31951, 0.000386
31961, 0.000346
31971, 0.000324
31981, 0.000323
31991, 0.000367
32001, 0.000545
32011, 0.000331
32021, 0.000372
32031, 0.000528
32041, 0.000419
32051, 0.000455
32061, 0.000349
32071, 0.000505
32081, 0.000368
32091, 0.000501
32101, 0.000388
32111, 0.000354
32121, 0.000347
32131, 0.000493
32141, 0.000503
32151, 0.000384
32161, 0.000539
32171, 0.000494
32181, 0.000391
32191, 0.000487
32201, 0.000491
32211, 0.000551
32221, 0.000402
32231, 0.000379
32241, 0.000553
32251, 0.000515
32261, 0.000348
32271, 0.00037
32281, 0.000432
32291, 0.000327
32301, 0.000526
32311, 0.000694
32321, 0.00071
32331, 0.000399
32341, 0.000372
32351, 0.000315
32361, 0.000398
32371, 0.000319
32381, 0.000363
32391, 0.000498
32401, 0.000372
32411, 0.000372
32421, 0.000386
32431, 0.000343
32441, 0.000498
32451, 0.000399
32461, 0.000328
32471, 0.000369
32481, 0.000594
32491, 0.000404
32501, 0.000403
32511, 0.00037
32521, 0.000389
32531, 0.000366
32541, 0.00049
32551, 0.00056
32561, 0.000395
32571, 0.000395
32581, 0.000354
32591, 0.000371
32601, 0.000502
32611, 0.000361
32621, 0.000319
32631, 0.000515
32641, 0.000374
32651, 0.000373
32661, 0.000496
32671, 0.000537
32681, 0.000327
32691, 0.000368
32701, 0.00037
32711, 0.000549
32721, 0.000344
32731, 0.000541
32741, 0.000369
32751, 0.000492
32761, 0.00039
32771, 0.000539
32781, 0.000511
32791, 0.000493
32801, 0.000505
32811, 0.000387
32821, 0.000492
32831, 0.000402
32841, 0.000318
32851, 0.000345
32861, 0.000357
32871, 0.000366
32881, 0.000352
32891, 0.00043
32901, 0.00034
32911, 0.000377
32921, 0.000366
32931, 0.000367
32941, 0.000545
32951, 0.000515
32961, 0.000319
32971, 0.000531
32981, 0.00051
32991, 0.000322
33001, 0.000376
33011, 0.000514
33021, 0.000518
33031, 0.000496
33041, 0.0005
33051, 0.000346
33061, 0.000503
33071, 0.000504
33081, 0.000318
33091, 0.000374
33101, 0.000541
33111, 0.000546
33121, 0.000321
33131, 0.000498
33141, 0.000554
33151, 0.000509
33161, 0.000341
33171, 0.000389
33181, 0.000319
33191, 0.000558
33201, 0.000547
33211, 0.000339
33221, 0.000323
33231, 0.000497
33241, 0.00037
33251, 0.000674
33261, 0.000525
33271, 0.000589
33281, 0.000433
33291, 0.000331
33301, 0.000501
33311, 0.000556
33321, 0.000417
33331, 0.000373
33341, 0.000362
33351, 0.000581
33361, 0.000626
33371, 0.00042
33381, 0.000506
33391, 0.000573
33401, 0.000518
33411, 0.00056
33421, 0.000506
33431, 0.000552
33441, 0.000321
33451, 0.000657
33461, 0.000382
33471, 0.000497
33481, 0.000343
33491, 0.000568
33501, 0.000551
33511, 0.000539
33521, 0.000324
33531, 0.000522
33541, 0.000354
33551, 0.000384
33561, 0.000707
33571, 0.000503
33581, 0.000484
33591, 0.000375
33601, 0.000554
33611, 0.000496
33621, 0.000482
33631, 0.000467
33641, 0.000526
33651, 0.00046
33661, 0.000483
33671, 0.000508
33681, 0.000507
33691, 0.000493
33701, 0.000499
33711, 0.000497
33721, 0.000348
33731, 0.000682
33741, 0.000494
33751, 0.000498
33761, 0.000547
33771, 0.000553
33781, 0.000577
33791, 0.000488
33801, 0.000497
33811, 0.000371
33821, 0.000374
33831, 0.00037
33841, 0.000369
33851, 0.000369
33861, 0.000504
33871, 0.000373
33881, 0.000386
33891, 0.000505
33901, 0.000318
33911, 0.000503
33921, 0.000334
33931, 0.000375
33941, 0.000499
33951, 0.000393
33961, 0.000317
33971, 0.000496
33981, 0.000315
33991, 0.000652
34001, 0.0005
34011, 0.000512
34021, 0.000502
34031, 0.000708
34041, 0.000511
34051, 0.000368
34061, 0.000502
34071, 0.000504
34081, 0.000514
34091, 0.000495
34101, 0.000553
34111, 0.000554
34121, 0.000506
34131, 0.000549
34141, 0.000497
34151, 0.000486
34161, 0.000497
34171, 0.000566
34181, 0.000402
34191, 0.000552
34201, 0.000539
34211, 0.00032
34221, 0.000492
34231, 0.000544
34241, 0.000492
34251, 0.000487
34261, 0.000498
34271, 0.000498
34281, 0.000496
34291, 0.000517
34301, 0.000511
34311, 0.000495
34321, 0.000534
34331, 0.000379
34341, 0.00032
34351, 0.000391
34361, 0.000377
34371, 0.000327
34381, 0.000369
34391, 0.00051
34401, 0.000494
34411, 0.000493
34421, 0.000437
34431, 0.00049
34441, 0.000556
34451, 0.000371
34461, 0.000556
34471, 0.000374
34481, 0.0005
34491, 0.000494
34501, 0.000362
34511, 0.000492
34521, 0.000493
34531, 0.000493
34541, 0.00032
34551, 0.000315
34561, 0.000311
34571, 0.000317
34581, 0.000324
34591, 0.00045
34601, 0.000568
34611, 0.000488
34621, 0.000591
34631, 0.000539
34641, 0.000518
34651, 0.000531
34661, 0.000348
34671, 0.000547
34681, 0.000552
34691, 0.000316
34701, 0.000509
34711, 0.000557
34721, 0.000525
34731, 0.000329
34741, 0.000504
34751, 0.000556
34761, 0.00055
34771, 0.000496
34781, 0.000397
34791, 0.000553
34801, 0.000504
34811, 0.000561
34821, 0.000558
34831, 0.000498
34841, 0.00032
34851, 0.000535
34861, 0.000496
34871, 0.0004
34881, 0.000327
34891, 0.00032
34901, 0.000564
34911, 0.000321
34921, 0.000522
34931, 0.000322
34941, 0.000563
34951, 0.000501
34961, 0.000504
34971, 0.000543
34981, 0.000552
34991, 0.00054
35001, 0.000551
35011, 0.000314
35021, 0.000831
35031, 0.000331
35041, 0.000489
35051, 0.000314
35061, 0.000572
35071, 0.000332
35081, 0.000372
35091, 0.000313
35101, 0.000497
35111, 0.000354
35121, 0.000318
35131, 0.000494
35141, 0.000552
35151, 0.000561
35161, 0.000318
35171, 0.000576
35181, 0.000498
35191, 0.00054
35201, 0.000367
35211, 0.000542
35221, 0.000356
35231, 0.000675
35241, 0.000322
35251, 0.000487
35261, 0.000539
35271, 0.00049
35281, 0.000549
35291, 0.000494
35301, 0.000552
35311, 0.000552
35321, 0.000501
35331, 0.000538
35341, 0.0006
35351, 0.000334
35361, 0.00049
35371, 0.000493
35381, 0.000541
35391, 0.000542
35401, 0.000491
35411, 0.000312
35421, 0.00033
35431, 0.000646
35441, 0.000512
35451, 0.000558
35461, 0.000561
35471, 0.000499
35481, 0.000492
35491, 0.000574
35501, 0.000498
35511, 0.000548
35521, 0.000345
35531, 0.000602
35541, 0.000314
35551, 0.0005
35561, 0.000313
35571, 0.000609
35581, 0.000313
35591, 0.000507
35601, 0.000494
35611, 0.000497
35621, 0.000571
35631, 0.0005
35641, 0.000498
35651, 0.000548
35661, 0.000506
35671, 0.000511
35681, 0.00054
35691, 0.00049
35701, 0.000575
35711, 0.000498
35721, 0.000491
35731, 0.000492
35741, 0.000303
35751, 0.000545
35761, 0.00056
35771, 0.000378
35781, 0.000322
35791, 0.000561
35801, 0.000318
35811, 0.000546
35821, 0.000381
35831, 0.000559
35841, 0.000493
35851, 0.000555
35861, 0.000513
35871, 0.000327
35881, 0.000491
35891, 0.000494
35901, 0.000567
35911, 0.000495
35921, 0.000585
35931, 0.000368
35941, 0.000489
35951, 0.000556
35961, 0.000494
35971, 0.000364
35981, 0.000482
35991, 0.00049
36001, 0.000496
36011, 0.000511
36021, 0.000547
36031, 0.000573
36041, 0.000494
36051, 0.000366
36061, 0.000529
36071, 0.000496
36081, 0.000318
36091, 0.000512
36101, 0.000475
36111, 0.00049
36121, 0.000376
36131, 0.000499
36141, 0.000483
36151, 0.000509
36161, 0.000513
36171, 0.000481
36181, 0.000511
36191, 0.000318
36201, 0.00049
36211, 0.000498
36221, 0.000539
36231, 0.00049
36241, 0.0005
36251, 0.000318
36261, 0.000495
36271, 0.00031
36281, 0.000558
36291, 0.000498
36301, 0.000492
36311, 0.000487
36321, 0.000495
36331, 0.000312
36341, 0.000496
36351, 0.000497
36361, 0.000548
36371, 0.000492
36381, 0.000488
36391, 0.000496
36401, 0.000498
36411, 0.000363
36421, 0.000608
36431, 0.000503
36441, 0.000501
36451, 0.000582
36461, 0.00051
36471, 0.000559
36481, 0.000492
36491, 0.000693
36501, 0.000574
36511, 0.000496
36521, 0.000364
36531, 0.000526
36541, 0.000699
36551, 0.000732
36561, 0.000497
36571, 0.000589
36581, 0.000314
36591, 0.000565
36601, 0.000655
36611, 0.000544
36621, 0.00051
36631, 0.000326
36641, 0.000546
36651, 0.000532
36661, 0.000575
36671, 0.000544
36681, 0.000369
36691, 0.000541
36701, 0.000519
36711, 0.000553
36721, 0.000554
36731, 0.000497
36741, 0.000494
36751, 0.000498
36761, 0.000496
36771, 0.000371
36781, 0.000487
36791, 0.000498
36801, 0.00037
36811, 0.000493
36821, 0.000498
36831, 0.000491
36841, 0.00054
36851, 0.000485
36861, 0.000541
36871, 0.000369
36881, 0.000566
36891, 0.000555
36901, 0.000495
36911, 0.00078
36921, 0.000315
36931, 0.000325
36941, 0.000329
36951, 0.000494
36961, 0.000526
36971, 0.000316
36981, 0.000394
36991, 0.000376
37001, 0.000686
37011, 0.000316
37021, 0.000335
37031, 0.000587
37041, 0.000397
37051, 0.00059
37061, 0.000508
37071, 0.000493
37081, 0.000323
37091, 0.000385
37101, 0.000464
37111, 0.000324
37121, 0.00048
37131, 0.000314
37141, 0.000341
37151, 0.000324
37161, 0.000483
37171, 0.000311
37181, 0.000336
37191, 0.000401
37201, 0.000402
37211, 0.000506
37221, 0.000336
37231, 0.000337
37241, 0.000498
37251, 0.000516
37261, 0.000325
37271, 0.000306
37281, 0.000383
37291, 0.00055
37301, 0.00051
37311, 0.000364
37321, 0.000552
37331, 0.000503
37341, 0.000346
37351, 0.000514
37361, 0.000493
37371, 0.000554
37381, 0.000621
37391, 0.000513
37401, 0.00043
37411, 0.000841
37421, 0.000496
37431, 0.000575
37441, 0.000525
37451, 0.000387
37461, 0.000303
37471, 0.000507
37481, 0.000315
37491, 0.000575
37501, 0.000495
37511, 0.000562
37521, 0.000504
37531, 0.00049
37541, 0.000501
37551, 0.000501
37561, 0.000438
37571, 0.000508
37581, 0.000328
37591, 0.000322
37601, 0.00051
37611, 0.000568
37621, 0.000368
37631, 0.000497
37641, 0.000361
37651, 0.000364
37661, 0.000487
37671, 0.000497
37681, 0.000527
37691, 0.000323
37701, 0.000546
37711, 0.000322
37721, 0.00037
37731, 0.000347
37741, 0.000506
37751, 0.000499
37761, 0.000529
37771, 0.00054
37781, 0.000495
37791, 0.000495
37801, 0.000384
37811, 0.000553
37821, 0.000603
37831, 0.000557
37841, 0.000616
37851, 0.000368
37861, 0.00049
37871, 0.000372
37881, 0.000365
37891, 0.000493
37901, 0.000495
37911, 0.000372
37921, 0.000545
37931, 0.000359
37941, 0.000495
37951, 0.000507
37961, 0.000375
37971, 0.000497
37981, 0.000533
37991, 0.000542
38001, 0.000503
38011, 0.000496
38021, 0.000507
38031, 0.000324
38041, 0.000342
38051, 0.00033
38061, 0.000389
38071, 0.000493
38081, 0.000308
38091, 0.000322
38101, 0.000347
38111, 0.000326
38121, 0.000303
38131, 0.000331
38141, 0.000312
38151, 0.00031
38161, 0.000558
38171, 0.000506
38181, 0.000505
38191, 0.00054
38201, 0.000491
38211, 0.000494
38221, 0.000497
38231, 0.000501
38241, 0.000496
38251, 0.000565
38261, 0.000583
38271, 0.000329
38281, 0.000495
38291, 0.000329
38301, 0.000491
38311, 0.000502
38321, 0.000516
38331, 0.000503
38341, 0.000536
38351, 0.000376
38361, 0.000516
38371, 0.000506
38381, 0.000321
38391, 0.000631
38401, 0.000502
38411, 0.000367
38421, 0.000591
38431, 0.000312
38441, 0.00054
38451, 0.000518
38461, 0.000505
38471, 0.0005
38481, 0.000561
38491, 0.000561
38501, 0.000497
38511, 0.000594
38521, 0.000499
38531, 0.000536
38541, 0.000389
38551, 0.00053
38561, 0.0005
38571, 0.000546
38581, 0.000319
38591, 0.000503
38601, 0.000555
38611, 0.000506
38621, 0.000494
38631, 0.000614
38641, 0.000502
38651, 0.000382
38661, 0.000384
38671, 0.000501
38681, 0.000372
38691, 0.000363
38701, 0.000492
38711, 0.000493
38721, 0.000375
38731, 0.00033
38741, 0.000499
38751, 0.000353
38761, 0.000516
38771, 0.000317
38781, 0.000508
38791, 0.000513
38801, 0.00055
38811, 0.000498
38821, 0.000324
38831, 0.000603
38841, 0.000502
38851, 0.00032
38861, 0.000559
38871, 0.000499
38881, 0.000618
38891, 0.00051
38901, 0.000512
38911, 0.000366
38921, 0.000542
38931, 0.000316
38941, 0.000502
38951, 0.000726
38961, 0.0005
38971, 0.000509
38981, 0.000557
38991, 0.000497
39001, 0.000493
39011, 0.000572
39021, 0.000379
39031, 0.000492
39041, 0.000548
39051, 0.000501
39061, 0.000539
39071, 0.000494
39081, 0.000537
39091, 0.00031
39101, 0.000451
39111, 0.000335
39121, 0.000737
39131, 0.000499
39141, 0.000492
39151, 0.000511
39161, 0.000501
39171, 0.000504
39181, 0.000496
39191, 0.000387
39201, 0.000492
39211, 0.000507
39221, 0.000492
39231, 0.000496
39241, 0.00038
39251, 0.000506
39261, 0.00049
39271, 0.000379
39281, 0.000512
39291, 0.000505
39301, 0.000492
39311, 0.000534
39321, 0.000487
39331, 0.000508
39341, 0.000305
39351, 0.000492
39361, 0.000501
39371, 0.000379
39381, 0.000506
39391, 0.000543
39401, 0.000392
39411, 0.000505
39421, 0.000497
39431, 0.000492
39441, 0.00054
39451, 0.000543
39461, 0.000546
39471, 0.000494
39481, 0.00048
39491, 0.000497
39501, 0.000516
39511, 0.000549
39521, 0.000352
39531, 0.000509
39541, 0.000506
39551, 0.000332
39561, 0.000494
39571, 0.000557
39581, 0.000504
39591, 0.000501
39601, 0.00057
39611, 0.000492
39621, 0.0005
39631, 0.000323
39641, 0.000495
39651, 0.000577
39661, 0.000494
39671, 0.000494
39681, 0.00038
39691, 0.000499
39701, 0.000312
39711, 0.000552
39721, 0.000486
39731, 0.000347
39741, 0.000494
39751, 0.000488
39761, 0.000518
39771, 0.000575
39781, 0.000376
39791, 0.000552
39801, 0.000555
39811, 0.000496
39821, 0.000402
39831, 0.000512
39841, 0.000509
39851, 0.00051
39861, 0.00051
39871, 0.000494
39881, 0.000562
39891, 0.000381
39901, 0.000497
39911, 0.00034
39921, 0.0005
39931, 0.00049
39941, 0.00053
39951, 0.0005
39961, 0.000323
39971, 0.000563
39981, 0.000545
39991, 0.000395
40001, 0.000312
40011, 0.000317
40021, 0.00033
40031, 0.00042
40041, 0.000496
40051, 0.000368
40061, 0.000485
40071, 0.000517
40081, 0.000487
40091, 0.000501
40101, 0.000617
40111, 0.000318
40121, 0.000379
40131, 0.000493
40141, 0.000318
40151, 0.000552
40161, 0.000501
40171, 0.000505
40181, 0.00056
40191, 0.00049
40201, 0.000515
40211, 0.000541
40221, 0.000493
40231, 0.000491
40241, 0.000503
40251, 0.000561
40261, 0.000567
40271, 0.000512
40281, 0.0005
40291, 0.000566
40301, 0.000378
40311, 0.000316
40321, 0.000506
40331, 0.000502
40341, 0.00067
40351, 0.000512
40361, 0.000546
40371, 0.000679
40381, 0.000547
40391, 0.000512
40401, 0.000518
40411, 0.000533
40421, 0.000612
40431, 0.00033
40441, 0.000512
40451, 0.000503
40461, 0.000498
40471, 0.000499
40481, 0.000512
40491, 0.00054
40501, 0.000508
40511, 0.000559
40521, 0.000321
40531, 0.000548
40541, 0.000511
40551, 0.000503
40561, 0.000593
40571, 0.000516
40581, 0.000526
40591, 0.00055
40601, 0.00051
40611, 0.00032
40621, 0.000747
40631, 0.000589
40641, 0.000494
40651, 0.000385
40661, 0.0005
40671, 0.000496
40681, 0.000545
40691, 0.000496
40701, 0.000505
40711, 0.000498
40721, 0.000511
40731, 0.000404
40741, 0.000512
40751, 0.000513
40761, 0.000389
40771, 0.000572
40781, 0.000503
40791, 0.000378
40801, 0.000515
40811, 0.000363
40821, 0.000632
40831, 0.000489
40841, 0.000528
40851, 0.000491
40861, 0.000324
40871, 0.000378
40881, 0.00057
40891, 0.000376
40901, 0.000534
40911, 0.000365
40921, 0.000379
40931, 0.000533
40941, 0.000325
40951, 0.00038
40961, 0.000419
40971, 0.000553
40981, 0.000499
40991, 0.000327
41001, 0.000551
41011, 0.0005
41021, 0.000504
41031, 0.000498
41041, 0.000502
41051, 0.000563
41061, 0.000514
41071, 0.000327
41081, 0.000497
41091, 0.000533
41101, 0.000575
41111, 0.00054
41121, 0.000503
41131, 0.000514
41141, 0.000493
41151, 0.000503
41161, 0.000507
41171, 0.000387
41181, 0.000508
41191, 0.00053
41201, 0.000322
41211, 0.000515
41221, 0.000497
41231, 0.000354
41241, 0.000503
41251, 0.000494
41261, 0.000313
41271, 0.000504
41281, 0.000496
41291, 0.000323
41301, 0.000494
41311, 0.000542
41321, 0.000496
41331, 0.000354
41341, 0.000494
41351, 0.000499
41361, 0.000323
41371, 0.000522
41381, 0.000501
41391, 0.000564
41401, 0.000506
41411, 0.000503
41421, 0.000614
41431, 0.000332
41441, 0.000512
41451, 0.000568
41461, 0.000499
41471, 0.000502
41481, 0.000496
41491, 0.000519
41501, 0.000567
41511, 0.000508
41521, 0.00051
41531, 0.000313
41541, 0.000577
41551, 0.000495
41561, 0.000511
41571, 0.000563
41581, 0.000543
41591, 0.000568
41601, 0.000504
41611, 0.000517
41621, 0.000423
41631, 0.000537
41641, 0.000316
41651, 0.000496
41661, 0.000498
41671, 0.000553
41681, 0.000441
41691, 0.00039
41701, 0.000499
41711, 0.000368
41721, 0.000518
41731, 0.000505
41741, 0.000341
41751, 0.000496
41761, 0.000546
41771, 0.000344
41781, 0.000521
41791, 0.000499
41801, 0.000521
41811, 0.000326
41821, 0.000511
41831, 0.000339
41841, 0.000555
41851, 0.000509
41861, 0.000358
41871, 0.000475
41881, 0.000481
41891, 0.000368
41901, 0.000471
41911, 0.000601
41921, 0.000556
41931, 0.000553
41941, 0.000332
41951, 0.000547
41961, 0.000498
41971, 0.000363
41981, 0.000559
41991, 0.000497
42001, 0.000499
42011, 0.000525
42021, 0.000328
42031, 0.00052
42041, 0.000537
42051, 0.000508
42061, 0.000516
42071, 0.000325
42081, 0.000551
42091, 0.00054
42101, 0.000557
42111, 0.000371
42121, 0.000503
42131, 0.000334
42141, 0.000613
42151, 0.00056
42161, 0.000345
42171, 0.000552
42181, 0.000542
42191, 0.000354
42201, 0.0005
42211, 0.000502
42221, 0.000327
42231, 0.000525
42241, 0.000381
42251, 0.000579
42261, 0.00032
42271, 0.000525
42281, 0.000501
42291, 0.000504
42301, 0.000609
42311, 0.000501
42321, 0.000383
42331, 0.00058
42341, 0.000499
42351, 0.000509
42361, 0.000515
42371, 0.000506
42381, 0.000502
42391, 0.000369
42401, 0.000571
42411, 0.000501
42421, 0.000556
42431, 0.000507
42441, 0.000343
42451, 0.000497
42461, 0.000553
42471, 0.00054
42481, 0.000556
42491, 0.000564
42501, 0.000712
42511, 0.000548
42521, 0.000515
42531, 0.00055
42541, 0.000507
42551, 0.000552
42561, 0.000549
42571, 0.00042
42581, 0.00055
42591, 0.000505
42601, 0.000492
42611, 0.000498
42621, 0.00051
42631, 0.000332
42641, 0.000335
42651, 0.000666
42661, 0.0005
42671, 0.000536
42681, 0.000326
42691, 0.000372
42701, 0.000496
42711, 0.000373
42721, 0.000494
42731, 0.000381
42741, 0.000498
42751, 0.0005
42761, 0.000496
42771, 0.000498
42781, 0.000336
42791, 0.000507
42801, 0.000505
42811, 0.000557
42821, 0.000516
42831, 0.000512
42841, 0.00061
42851, 0.001001
42861, 0.0005
42871, 0.00055
42881, 0.000504
42891, 0.000513
42901, 0.000553
42911, 0.0005
42921, 0.000493
42931, 0.000685
42941, 0.000512
42951, 0.000518
42961, 0.000501
42971, 0.00033
42981, 0.000521
42991, 0.000559
43001, 0.000405
43011, 0.000585
43021, 0.000496
43031, 0.000498
43041, 0.00051
43051, 0.000501
43061, 0.00048
43071, 0.000504
43081, 0.000369
43091, 0.000514
43101, 0.000508
43111, 0.000369
43121, 0.000618
43131, 0.000563
43141, 0.000558
43151, 0.000515
43161, 0.000507
43171, 0.000511
43181, 0.000385
43191, 0.000496
43201, 0.000554
43211, 0.00047
43221, 0.000507
43231, 0.000508
43241, 0.000513
43251, 0.000502
43261, 0.000489
43271, 0.000508
43281, 0.000732
43291, 0.000548
43301, 0.000333
43311, 0.000503
43321, 0.000691
43331, 0.000512
43341, 0.00037
43351, 0.000495
43361, 0.000501
43371, 0.000568
43381, 0.000502
43391, 0.000501
43401, 0.000509
43411, 0.000509
43421, 0.000516
43431, 0.000317
43441, 0.000496
43451, 0.000502
43461, 0.000319
43471, 0.000538
43481, 0.000513
43491, 0.000571
43501, 0.000507
43511, 0.000514
43521, 0.000336
43531, 0.000379
43541, 0.000334
43551, 0.000505
43561, 0.000329
43571, 0.000508
43581, 0.000556
43591, 0.000527
43601, 0.000545
43611, 0.00049
43621, 0.000374
43631, 0.000512
43641, 0.000367
43651, 0.000513
43661, 0.000497
43671, 0.000713
43681, 0.000604
43691, 0.000506
43701, 0.000494
43711, 0.000501
43721, 0.000652
43731, 0.000384
43741, 0.000512
43751, 0.000506
43761, 0.000506
43771, 0.000518
43781, 0.000529
43791, 0.000549
43801, 0.000508
43811, 0.000327
43821, 0.000499
43831, 0.00052
43841, 0.000675
43851, 0.000499
43861, 0.000411
43871, 0.000581
43881, 0.00051
43891, 0.000512
43901, 0.000611
43911, 0.000507
43921, 0.000559
43931, 0.000574
43941, 0.000517
43951, 0.0005
43961, 0.000495
43971, 0.000328
43981, 0.000499
43991, 0.000497
44001, 0.000547
44011, 0.000373
44021, 0.000327
44031, 0.000493
44041, 0.000504
44051, 0.000378
44061, 0.000499
44071, 0.000508
44081, 0.000649
44091, 0.000507
44101, 0.000372
44111, 0.000565
44121, 0.000487
44131, 0.000497
44141, 0.000504
44151, 0.00051
44161, 0.000352
44171, 0.000374
44181, 0.000495
44191, 0.000494
44201, 0.000525
44211, 0.00036
44221, 0.000353
44231, 0.0005
44241, 0.000502
44251, 0.000327
44261, 0.0005
44271, 0.00031
44281, 0.000543
44291, 0.000574
44301, 0.000562
44311, 0.000517
44321, 0.000494
44331, 0.000541
44341, 0.000507
44351, 0.000496
44361, 0.00051
44371, 0.000505
44381, 0.000519
44391, 0.000501
44401, 0.00051
44411, 0.000707
44421, 0.000512
44431, 0.000558
44441, 0.000522
44451, 0.000361
44461, 0.000508
44471, 0.000572
44481, 0.000505
44491, 0.000503
44501, 0.000321
44511, 0.000328
44521, 0.000518
44531, 0.000557
44541, 0.000494
44551, 0.000374
44561, 0.000558
44571, 0.000552
44581, 0.000505
44591, 0.000502
44601, 0.000509
44611, 0.000505
44621, 0.00033
44631, 0.000499
44641, 0.000518
44651, 0.000537
44661, 0.000572
44671, 0.000567
44681, 0.000525
44691, 0.000386
44701, 0.000525
44711, 0.000554
44721, 0.000506
44731, 0.000498
44741, 0.000543
44751, 0.000512
44761, 0.000497
44771, 0.000498
44781, 0.00049
44791, 0.00035
44801, 0.000566
44811, 0.000512
44821, 0.000585
44831, 0.000567
44841, 0.0005
44851, 0.000515
44861, 0.000518
44871, 0.000487
44881, 0.000498
44891, 0.000508
44901, 0.000318
44911, 0.000563
44921, 0.000316
44931, 0.000492
44941, 0.000883
44951, 0.000531
44961, 0.000511
44971, 0.000497
44981, 0.000508
44991, 0.000494
45001, 0.000509
45011, 0.000543
45021, 0.000558
45031, 0.000554
45041, 0.000512
45051, 0.000496
45061, 0.0005
45071, 0.000497
45081, 0.000511
45091, 0.000511
45101, 0.000513
45111, 0.000332
45121, 0.000544
45131, 0.000532
45141, 0.000316
45151, 0.000561
45161, 0.000508
45171, 0.000691
45181, 0.000541
45191, 0.000525
45201, 0.000509
45211, 0.000498
45221, 0.000512
45231, 0.000556
45241, 0.000509
45251, 0.000513
45261, 0.000548
45271, 0.000598
45281, 0.000554
45291, 0.000505
45301, 0.000317
45311, 0.00056
45321, 0.000368
45331, 0.000497
45341, 0.000497
45351, 0.000532
45361, 0.000499
45371, 0.000514
45381, 0.000538
45391, 0.000522
45401, 0.000553
45411, 0.000507
45421, 0.000502
45431, 0.000562
45441, 0.000546
45451, 0.000508
45461, 0.000372
45471, 0.000496
45481, 0.000328
45491, 0.000497
45501, 0.000499
45511, 0.000379
45521, 0.000503
45531, 0.000509
45541, 0.000508
45551, 0.000499
45561, 0.000582
45571, 0.000495
45581, 0.000507
45591, 0.000556
45601, 0.000499
45611, 0.000512
45621, 0.000723
45631, 0.000499
45641, 0.000553
45651, 0.000323
45661, 0.00057
45671, 0.0006
45681, 0.00044
45691, 0.000504
45701, 0.000494
45711, 0.000502
45721, 0.000304
45731, 0.00076
45741, 0.000325
45751, 0.000523
45761, 0.000609
45771, 0.000501
45781, 0.000515
45791, 0.000492
45801, 0.000496
45811, 0.000501
45821, 0.000499
45831, 0.000324
45841, 0.00051
45851, 0.000493
45861, 0.000366
45871, 0.000506
45881, 0.000513
45891, 0.000538
45901, 0.000542
45911, 0.000503
45921, 0.000589
45931, 0.000546
45941, 0.000499
45951, 0.000376
45961, 0.000551
45971, 0.00051
45981, 0.000501
45991, 0.000315
46001, 0.000391
46011, 0.000329
46021, 0.000387
46031, 0.000561
46041, 0.000553
46051, 0.000374
46061, 0.0005
46071, 0.000494
46081, 0.000491
46091, 0.000526
46101, 0.000525
46111, 0.000471
46121, 0.000548
46131, 0.000495
46141, 0.000501
46151, 0.00037
46161, 0.00049
46171, 0.000502
46181, 0.000521
46191, 0.000494
46201, 0.00036
46211, 0.000525
46221, 0.000479
46231, 0.000493
46241, 0.000377
46251, 0.000551
46261, 0.000496
46271, 0.000498
46281, 0.000328
46291, 0.000509
46301, 0.000491
46311, 0.000483
46321, 0.000497
46331, 0.000506
46341, 0.000531
46351, 0.000493
46361, 0.00051
46371, 0.000495
46381, 0.000311
46391, 0.000552
46401, 0.000544
46411, 0.000323
46421, 0.000492
46431, 0.000565
46441, 0.000501
46451, 0.000498
46461, 0.000305
46471, 0.000497
46481, 0.000533
46491, 0.000344
46501, 0.0005
46511, 0.000509
46521, 0.000546
46531, 0.000497
46541, 0.000617
46551, 0.000566
46561, 0.000494
46571, 0.000503
46581, 0.000377
46591, 0.000491
46601, 0.000501
46611, 0.000317
46621, 0.000494
46631, 0.000493
46641, 0.000548
46651, 0.000557
46661, 0.000605
46671, 0.000498
46681, 0.000319
46691, 0.000526
46701, 0.000489
46711, 0.000317
46721, 0.000523
46731, 0.00053
46741, 0.000491
46751, 0.000489
46761, 0.000493
46771, 0.00052
46781, 0.000369
46791, 0.000365
46801, 0.000338
46811, 0.000337
46821, 0.000529
46831, 0.000386
46841, 0.000339
46851, 0.000378
46861, 0.000375
46871, 0.000496
46881, 0.000365
46891, 0.000493
46901, 0.000498
46911, 0.00056
46921, 0.000348
46931, 0.001302
46941, 0.000422
46951, 0.000493
46961, 0.000371
46971, 0.000372
46981, 0.000379
46991, 0.000325
47001, 0.000371
47011, 0.001107
47021, 0.000428
47031, 0.000375
47041, 0.000486
47051, 0.000385
47061, 0.000383
47071, 0.000331
47081, 0.0005
47091, 0.000374
47101, 0.000349
47111, 0.000532
47121, 0.00054
47131, 0.000409
47141, 0.000321
47151, 0.000318
47161, 0.000535
47171, 0.000892
47181, 0.000387
47191, 0.000527
47201, 0.000409
47211, 0.000368
47221, 0.000415
47231, 0.000406
47241, 0.000493
47251, 0.000354
47261, 0.000322
47271, 0.00064
47281, 0.000429
47291, 0.000399
47301, 0.000326
47311, 0.000515
47321, 0.000524
47331, 0.000413
47341, 0.000385
47351, 0.000529
47361, 0.000548
47371, 0.000534
47381, 0.000336
47391, 0.000565
47401, 0.000382
47411, 0.000833
47421, 0.000423
47431, 0.000349
47441, 0.000358
47451, 0.000324
47461, 0.000344
47471, 0.000383
47481, 0.000383
47491, 0.000445
47501, 0.000509
47511, 0.000377
47521, 0.000495
47531, 0.000375
47541, 0.00051
47551, 0.000556
47561, 0.000313
47571, 0.000381
47581, 0.000506
47591, 0.000496
47601, 0.000488
47611, 0.000737
47621, 0.000508
47631, 0.000548
47641, 0.000509
47651, 0.000507
47661, 0.000371
47671, 0.000802
47681, 0.000377
47691, 0.0006
47701, 0.000488
47711, 0.000315
47721, 0.00034
47731, 0.000437
47741, 0.000353
47751, 0.00053
47761, 0.000554
47771, 0.000312
47781, 0.000525
47791, 0.000323
47801, 0.000514
47811, 0.000587
47821, 0.000489
47831, 0.000534
47841, 0.000559
47851, 0.000537
47861, 0.000461
47871, 0.000572
47881, 0.000545
47891, 0.000496
47901, 0.000412
47911, 0.000395
47921, 0.00032
47931, 0.000634
47941, 0.000498
47951, 0.000494
47961, 0.000597
47971, 0.000323
47981, 0.000343
47991, 0.000351
48001, 0.000399
48011, 0.00034
48021, 0.000511
48031, 0.000305
48041, 0.000366
48051, 0.000546
48061, 0.000499
48071, 0.000319
48081, 0.000394
48091, 0.00051
48101, 0.000507
48111, 0.000503
48121, 0.000491
48131, 0.000321
48141, 0.000504
48151, 0.000496
48161, 0.000508
48171, 0.000337
48181, 0.000548
48191, 0.000495
48201, 0.000465
48211, 0.000589
48221, 0.000509
48231, 0.000494
48241, 0.000483
48251, 0.00053
48261, 0.000482
48271, 0.000521
48281, 0.000507
48291, 0.000497
48301, 0.000497
48311, 0.000514
48321, 0.000554
48331, 0.000732
48341, 0.000336
48351, 0.000671
48361, 0.000495
48371, 0.000539
48381, 0.000503
48391, 0.000502
48401, 0.000494
48411, 0.000517
48421, 0.000498
48431, 0.000499
48441, 0.0005
48451, 0.000557
48461, 0.000379
48471, 0.000491
48481, 0.00051
48491, 0.000522
48501, 0.000314
48511, 0.000372
48521, 0.00058
48531, 0.000642
48541, 0.00051
48551, 0.000382
48561, 0.000551
48571, 0.000497
48581, 0.000495
48591, 0.000495
48601, 0.00037
48611, 0.000502
48621, 0.000415
48631, 0.000317
48641, 0.000368
48651, 0.000497
48661, 0.000373
48671, 0.000507
48681, 0.000353
48691, 0.000546
48701, 0.000499
48711, 0.000365
48721, 0.000604
48731, 0.000502
48741, 0.000502
48751, 0.000276
48761, 0.000504
48771, 0.000511
48781, 0.000492
48791, 0.000491
48801, 0.000314
48811, 0.000542
48821, 0.000505
48831, 0.000402
48841, 0.000435
48851, 0.000509
48861, 0.000497
48871, 0.000546
48881, 0.000505
48891, 0.000681
48901, 0.001069
48911, 0.00057
48921, 0.000592
48931, 0.000571
48941, 0.000655
48951, 0.000559
48961, 0.000517
48971, 0.000509
48981, 0.000502
48991, 0.000736
49001, 0.00051
49011, 0.000492
49021, 0.000504
49031, 0.000537
49041, 0.000491
49051, 0.000497
49061, 0.000511
49071, 0.00038
49081, 0.000353
49091, 0.000369
49101, 0.000491
49111, 0.000362
49121, 0.000454
49131, 0.000496
49141, 0.000384
49151, 0.000374
49161, 0.000385
49171, 0.000369
49181, 0.000398
49191, 0.000329
49201, 0.000496
49211, 0.000369
49221, 0.000507
49231, 0.000619
49241, 0.000495
49251, 0.000523
49261, 0.000491
49271, 0.000377
49281, 0.000369
49291, 0.000403
49301, 0.000513
49311, 0.000504
49321, 0.00053
49331, 0.000414
49341, 0.000342
49351, 0.000384
49361, 0.00054
49371, 0.000531
49381, 0.000328
49391, 0.000375
49401, 0.000521
49411, 0.000653
49421, 0.000382
49431, 0.000372
49441, 0.000364
49451, 0.000386
49461, 0.000376
49471, 0.000645
49481, 0.000364
49491, 0.000503
49501, 0.00054
49511, 0.00058
49521, 0.000511
49531, 0.000592
49541, 0.000505
49551, 0.000494
49561, 0.000325
49571, 0.00058
49581, 0.000568
49591, 0.000558
49601, 0.000403
49611, 0.000317
49621, 0.000425
49631, 0.00037
49641, 0.000374
49651, 0.000503
49661, 0.000375
49671, 0.0004
49681, 0.000574
49691, 0.000513
49701, 0.000355
49711, 0.000533
49721, 0.00051
49731, 0.000573
49741, 0.000374
49751, 0.000316
49761, 0.000326
49771, 0.000515
49781, 0.000507
49791, 0.000462
49801, 0.000514
49811, 0.000456
49821, 0.000524
49831, 0.00051
49841, 0.000506
49851, 0.000505
49861, 0.000448
49871, 0.000528
49881, 0.000517
49891, 0.000419
49901, 0.000511
49911, 0.000347
49921, 0.000499
49931, 0.000484
49941, 0.000543
49951, 0.000511
49961, 0.000357
49971, 0.00033
49981, 0.000553
49991, 0.000388
50001, 0.000493
50011, 0.000377
50021, 0.00052
50031, 0.000388
50041, 0.000493
50051, 0.000385
50061, 0.000557
50071, 0.000485
50081, 0.000542
50091, 0.000504
50101, 0.000348
50111, 0.000544
50121, 0.00037
50131, 0.000376
50141, 0.000405
50151, 0.000496
50161, 0.000887
50171, 0.000517
50181, 0.000512
50191, 0.000577
50201, 0.000614
50211, 0.000325
50221, 0.000512
50231, 0.000511
50241, 0.000399
50251, 0.000364
50261, 0.000524
50271, 0.000336
50281, 0.000414
50291, 0.000362
50301, 0.000375
50311, 0.000557
50321, 0.000508
50331, 0.000482
50341, 0.000482
50351, 0.000569
50361, 0.000563
50371, 0.000321
50381, 0.000374
50391, 0.000322
50401, 0.000357
50411, 0.00038
50421, 0.000535
50431, 0.000447
50441, 0.00035
50451, 0.000362
50461, 0.000494
50471, 0.00058
50481, 0.000379
50491, 0.000375
50501, 0.000327
50511, 0.000393
50521, 0.000327
50531, 0.000341
50541, 0.000351
50551, 0.000621
50561, 0.000316
50571, 0.000862
50581, 0.00032
50591, 0.000337
50601, 0.00056
50611, 0.000456
50621, 0.000332
50631, 0.000334
50641, 0.001298
50651, 0.000322
50661, 0.000322
50671, 0.000456
50681, 0.000329
50691, 0.000341
50701, 0.000324
50711, 0.000371
50721, 0.000386
50731, 0.000324
50741, 0.000373
50751, 0.000335
50761, 0.000349
50771, 0.000313
50781, 0.000354
50791, 0.000332
50801, 0.000328
50811, 0.000316
50821, 0.000383
50831, 0.000382
50841, 0.000328
50851, 0.000379
50861, 0.000793
50871, 0.000456
50881, 0.000391
50891, 0.000554
50901, 0.000533
50911, 0.000345
50921, 0.000472
50931, 0.000322
50941, 0.000362
50951, 0.000347
50961, 0.000372
50971, 0.000357
50981, 0.000325
50991, 0.000314
51001, 0.000313
51011, 0.000315
51021, 0.000377
51031, 0.000415
51041, 0.00052
51051, 0.000521
51061, 0.000494
51071, 0.000561
51081, 0.000506
51091, 0.000512
51101, 0.000301
51111, 0.000499
51121, 0.000498
51131, 0.000513
51141, 0.000506
51151, 0.000515
51161, 0.000319
51171, 0.000506
51181, 0.000504
51191, 0.000554
51201, 0.000499
51211, 0.000316
51221, 0.000496
51231, 0.000369
51241, 0.000505
51251, 0.000539
51261, 0.000578
51271, 0.000561
51281, 0.000316
51291, 0.000313
51301, 0.000395
51311, 0.000341
51321, 0.000338
51331, 0.000368
51341, 0.000502
51351, 0.000511
51361, 0.000577
51371, 0.00052
51381, 0.000572
51391, 0.000508
51401, 0.000518
51411, 0.000661
51421, 0.000559
51431, 0.000371
51441, 0.000504
51451, 0.000492
51461, 0.000511
51471, 0.000497
51481, 0.000495
51491, 0.0005
51501, 0.000515
51511, 0.000512
51521, 0.000501
51531, 0.000505
51541, 0.000518
51551, 0.000492
51561, 0.000516
51571, 0.000506
51581, 0.000517
51591, 0.000311
51601, 0.000515
51611, 0.000503
51621, 0.00051
51631, 0.000532
51641, 0.000557
51651, 0.000504
51661, 0.000676
51671, 0.00034
51681, 0.000496
51691, 0.000498
51701, 0.000553
51711, 0.000514
51721, 0.000524
51731, 0.000501
51741, 0.000506
51751, 0.000495
51761, 0.000495
51771, 0.000507
51781, 0.000528
51791, 0.000399
51801, 0.000513
51811, 0.000523
51821, 0.000502
51831, 0.000554
51841, 0.000503
51851, 0.000577
51861, 0.000509
51871, 0.000515
51881, 0.000517
51891, 0.000495
51901, 0.000497
51911, 0.00052
51921, 0.000512
51931, 0.000377
51941, 0.000334
51951, 0.000508
51961, 0.000496
51971, 0.00051
51981, 0.000537
51991, 0.000499
52001, 0.000508
52011, 0.000508
52021, 0.000506
52031, 0.000501
52041, 0.000372
52051, 0.00037
52061, 0.000501
52071, 0.000503
52081, 0.0005
52091, 0.000578
52101, 0.000381
52111, 0.000509
52121, 0.000655
52131, 0.000556
52141, 0.000512
52151, 0.000377
52161, 0.000507
52171, 0.000613
52181, 0.000555
52191, 0.000486
52201, 0.000495
52211, 0.000535
52221, 0.000513
52231, 0.000321
52241, 0.000383
52251, 0.000505
52261, 0.000567
52271, 0.000497
52281, 0.000324
52291, 0.000497
52301, 0.000552
52311, 0.000495
52321, 0.000512
52331, 0.000508
52341, 0.000514
52351, 0.000504
52361, 0.000563
52371, 0.00056
52381, 0.000495
52391, 0.000505
52401, 0.000522
52411, 0.000513
52421, 0.000516
52431, 0.000503
52441, 0.000556
52451, 0.000495
52461, 0.0005
52471, 0.000534
52481, 0.00051
52491, 0.000498
52501, 0.000519
52511, 0.000515
52521, 0.000563
52531, 0.000576
52541, 0.000506
52551, 0.000504
52561, 0.000516
52571, 0.000497
52581, 0.000498
52591, 0.000508
52601, 0.000501
52611, 0.000491
52621, 0.000502
52631, 0.000509
52641, 0.000511
52651, 0.00049
52661, 0.000363
52671, 0.00034
52681, 0.000516
52691, 0.000349
52701, 0.000502
52711, 0.000588
52721, 0.000507
52731, 0.000554
52741, 0.000495
52751, 0.000495
52761, 0.000497
52771, 0.000499
52781, 0.0005
52791, 0.000329
52801, 0.000504
52811, 0.0005
52821, 0.000572
52831, 0.000319
52841, 0.000569
52851, 0.000498
52861, 0.000504
52871, 0.000504
52881, 0.000499
52891, 0.000555
52901, 0.000694
52911, 0.000508
52921, 0.000553
52931, 0.000507
52941, 0.000324
52951, 0.000321
52961, 0.000504
52971, 0.000501
52981, 0.000499
52991, 0.000316
53001, 0.000544
53011, 0.000492
53021, 0.000323
53031, 0.000497
53041, 0.000497
53051, 0.00056
53061, 0.000495
53071, 0.000561
53081, 0.000369
53091, 0.000492
53101, 0.000491
53111, 0.000517
53121, 0.000368
53131, 0.000496
53141, 0.000308
53151, 0.000576
53161, 0.000493
53171, 0.000497
53181, 0.000496
53191, 0.000499
53201, 0.000555
53211, 0.000499
53221, 0.000501
53231, 0.000505
53241, 0.000512
53251, 0.000544
53261, 0.000396
53271, 0.00033
53281, 0.000379
53291, 0.000361
53301, 0.000812
53311, 0.000523
53321, 0.000311
53331, 0.000358
53341, 0.000313
53351, 0.000531
53361, 0.000321
53371, 0.000322
53381, 0.000522
53391, 0.000545
53401, 0.000498
53411, 0.000369
53421, 0.000544
53431, 0.000552
53441, 0.000499
53451, 0.000534
53461, 0.000498
53471, 0.000557
53481, 0.00032
53491, 0.000506
53501, 0.000338
53511, 0.000494
53521, 0.000506
53531, 0.000519
53541, 0.000425
53551, 0.00049
53561, 0.000396
53571, 0.000531
53581, 0.000346
53591, 0.000527
53601, 0.000497
53611, 0.000534
53621, 0.000359
53631, 0.000517
53641, 0.000339
53651, 0.00052
53661, 0.000502
53671, 0.00038
53681, 0.000494
53691, 0.000532
53701, 0.000551
53711, 0.000515
53721, 0.000498
53731, 0.000564
53741, 0.000512
53751, 0.000494
53761, 0.000515
53771, 0.000366
53781, 0.000685
53791, 0.000341
53801, 0.00034
53811, 0.000353
53821, 0.000324
53831, 0.000391
53841, 0.000507
53851, 0.000516
53861, 0.000596
53871, 0.000508
53881, 0.00051
53891, 0.000522
53901, 0.000523
53911, 0.000538
53921, 0.000477
53931, 0.00051
53941, 0.000526
53951, 0.000375
53961, 0.000541
53971, 0.000518
53981, 0.000504
53991, 0.000549
54001, 0.000497
54011, 0.000503
54021, 0.000547
54031, 0.000618
54041, 0.000535
54051, 0.000507
54061, 0.000524
54071, 0.000518
54081, 0.000352
54091, 0.000454
54101, 0.000524
54111, 0.000524
54121, 0.000554
54131, 0.00053
54141, 0.000438
54151, 0.000331
54161, 0.000534
54171, 0.000531
54181, 0.000533
54191, 0.000527
54201, 0.000595
54211, 0.000343
54221, 0.000535
54231, 0.000624
54241, 0.000495
54251, 0.000489
54261, 0.000336
54271, 0.000316
54281, 0.000508
54291, 0.000505
54301, 0.000498
54311, 0.000503
54321, 0.000499
54331, 0.000501
54341, 0.000507
54351, 0.000503
54361, 0.000539
54371, 0.000505
54381, 0.000544
54391, 0.00037
54401, 0.000495
54411, 0.000508
54421, 0.000388
54431, 0.000497
54441, 0.000322
54451, 0.000505
54461, 0.000507
54471, 0.000349
54481, 0.000497
54491, 0.000516
54501, 0.000367
54511, 0.000515
54521, 0.000498
54531, 0.000502
54541, 0.000328
54551, 0.000845
54561, 0.000679
54571, 0.000504
54581, 0.000515
54591, 0.000502
54601, 0.000489
54611, 0.00034
54621, 0.000337
54631, 0.000361
54641, 0.000519
54651, 0.000504
54661, 0.000506
54671, 0.000511
54681, 0.00051
54691, 0.000501
54701, 0.000495
54711, 0.000535
54721, 0.000476
54731, 0.000489
54741, 0.000498
54751, 0.000319
54761, 0.000496
54771, 0.000511
54781, 0.000558
54791, 0.000575
54801, 0.000568
54811, 0.00051
54821, 0.000524
54831, 0.000532
54841, 0.000512
54851, 0.000492
54861, 0.000554
54871, 0.000513
54881, 0.0005
54891, 0.000513
54901, 0.000503
54911, 0.000333
54921, 0.000334
54931, 0.000551
54941, 0.000494
54951, 0.000587
54961, 0.0005
54971, 0.000322
54981, 0.000513
54991, 0.000505
55001, 0.000498
55011, 0.00051
55021, 0.000635
55031, 0.00032
55041, 0.000506
55051, 0.000312
55061, 0.000559
55071, 0.000507
55081, 0.000553
55091, 0.000499
55101, 0.000512
55111, 0.000569
55121, 0.000495
55131, 0.000502
55141, 0.000537
55151, 0.0005
55161, 0.000317
55171, 0.000327
55181, 0.0005
55191, 0.0005
55201, 0.000501
55211, 0.000504
55221, 0.000503
55231, 0.000389
55241, 0.000378
55251, 0.000498
55261, 0.000602
55271, 0.000505
55281, 0.000504
55291, 0.000504
55301, 0.000509
55311, 0.000328
55321, 0.000336
55331, 0.0005
55341, 0.0005
55351, 0.000488
55361, 0.000448
55371, 0.000513
55381, 0.000317
55391, 0.000498
55401, 0.000552
55411, 0.000524
55421, 0.000317
55431, 0.000508
55441, 0.000515
55451, 0.000495
55461, 0.000529
55471, 0.000506
55481, 0.000494
55491, 0.000544
55501, 0.000567
55511, 0.000518
55521, 0.000488
55531, 0.000514
55541, 0.000499
55551, 0.000507
55561, 0.000548
55571, 0.000509
55581, 0.000511
55591, 0.000499
55601, 0.000515
55611, 0.000507
55621, 0.000519
55631, 0.000515
55641, 0.000574
55651, 0.000506
55661, 0.000504
55671, 0.000515
55681, 0.00032
55691, 0.00053
55701, 0.00051
55711, 0.000548
55721, 0.000316
55731, 0.00051
55741, 0.000327
55751, 0.000509
55761, 0.000504
55771, 0.000529
55781, 0.000362
55791, 0.000551
55801, 0.000519
55811, 0.000366
55821, 0.000538
55831, 0.000513
55841, 0.000521
55851, 0.000514
55861, 0.000525
55871, 0.000501
55881, 0.000516
55891, 0.000502
55901, 0.000525
55911, 0.000524
55921, 0.000537
55931, 0.000542
55941, 0.000328
55951, 0.000493
55961, 0.000503
55971, 0.000507
55981, 0.000514
55991, 0.000532
56001, 0.000521
56011, 0.000498
56021, 0.000561
56031, 0.000491
56041, 0.000568
56051, 0.000514
56061, 0.000315
56071, 0.000489
56081, 0.000504
56091, 0.000493
56101, 0.000507
56111, 0.000508
56121, 0.0005
56131, 0.000326
56141, 0.000552
56151, 0.0005
56161, 0.000525
56171, 0.000499
56181, 0.00055
56191, 0.000526
56201, 0.00049
56211, 0.000505
56221, 0.000503
56231, 0.000508
56241, 0.00051
56251, 0.000663
56261, 0.000309
56271, 0.00032
56281, 0.000541
56291, 0.000506
56301, 0.0005
56311, 0.000522
56321, 0.000361
56331, 0.000623
56341, 0.000524
56351, 0.000503
56361, 0.00053
56371, 0.000502
56381, 0.000509
56391, 0.000498
56401, 0.000577
56411, 0.000567
56421, 0.000537
56431, 0.000497
56441, 0.000318
56451, 0.000492
56461, 0.0005
56471, 0.000504
56481, 0.000507
56491, 0.000513
56501, 0.000549
56511, 0.000503
56521, 0.000573
56531, 0.000559
56541, 0.000331
56551, 0.0005
56561, 0.000495
56571, 0.000511
56581, 0.000512
56591, 0.000514
56601, 0.000892
56611, 0.000562
56621, 0.000387
56631, 0.000523
56641, 0.00051
56651, 0.000312
56661, 0.000507
56671, 0.000512
56681, 0.000333
56691, 0.000511
56701, 0.000503
56711, 0.000515
56721, 0.000497
56731, 0.000503
56741, 0.000523
56751, 0.000355
56761, 0.000521
56771, 0.00034
56781, 0.000524
56791, 0.000497
56801, 0.000497
56811, 0.000516
56821, 0.000511
56831, 0.000512
56841, 0.000494
56851, 0.000522
56861, 0.000391
56871, 0.000522
56881, 0.000388
56891, 0.000492
56901, 0.000332
56911, 0.000517
56921, 0.000495
56931, 0.000492
56941, 0.000513
56951, 0.00051
56961, 0.000507
56971, 0.000506
56981, 0.000568
56991, 0.000516
57001, 0.000369
57011, 0.000493
57021, 0.000502
57031, 0.000511
57041, 0.000511
57051, 0.000505
57061, 0.000587
57071, 0.000505
57081, 0.00051
57091, 0.000322
57101, 0.000321
57111, 0.000553
57121, 0.000504
57131, 0.000341
57141, 0.0005
57151, 0.000519
57161, 0.000496
57171, 0.000498
57181, 0.000348
57191, 0.000514
57201, 0.000511
57211, 0.000511
57221, 0.000501
57231, 0.000324
57241, 0.000381
57251, 0.000586
57261, 0.000494
57271, 0.000509
57281, 0.00052
57291, 0.000336
57301, 0.000342
57311, 0.000521
57321, 0.000566
57331, 0.000512
57341, 0.000534
57351, 0.000594
57361, 0.000322
57371, 0.000529
57381, 0.000313
57391, 0.000331
57401, 0.000375
57411, 0.000548
57421, 0.000502
57431, 0.000514
57441, 0.000333
57451, 0.000505
57461, 0.000335
57471, 0.000505
57481, 0.000524
57491, 0.000474
57501, 0.000374
57511, 0.0005
57521, 0.000519
57531, 0.00032
57541, 0.000518
57551, 0.000508
57561, 0.000514
57571, 0.000383
57581, 0.000502
57591, 0.000504
57601, 0.000498
57611, 0.000497
57621, 0.000506
57631, 0.000334
57641, 0.000509
57651, 0.000514
57661, 0.000493
57671, 0.000528
57681, 0.000503
57691, 0.000511
57701, 0.000508
57711, 0.000554
57721, 0.000514
57731, 0.000512
57741, 0.0005
57751, 0.000508
57761, 0.00051
57771, 0.000353
57781, 0.000336
57791, 0.000324
57801, 0.000354
57811, 0.000419
57821, 0.000338
57831, 0.000524
57841, 0.000899
57851, 0.000476
57861, 0.000318
57871, 0.000349
57881, 0.000324
57891, 0.000464
57901, 0.000427
57911, 0.000435
57921, 0.000366
57931, 0.000367
57941, 0.000785
57951, 0.000403
57961, 0.000379
57971, 0.000572
57981, 0.000529
57991, 0.00041
58001, 0.000371
58011, 0.000502
58021, 0.000523
58031, 0.000532
58041, 0.000324
58051, 0.000446
58061, 0.000325
58071, 0.000369
58081, 0.000499
58091, 0.000498
58101, 0.000363
58111, 0.000324
58121, 0.000546
58131, 0.0005
58141, 0.000378
58151, 0.000534
58161, 0.000399
58171, 0.000373
58181, 0.000369
58191, 0.000502
58201, 0.000369
58211, 0.000499
58221, 0.000492
58231, 0.00037
58241, 0.000488
58251, 0.000611
58261, 0.000531
58271, 0.000374
58281, 0.000343
58291, 0.000367
58301, 0.000488
58311, 0.000416
58321, 0.000555
58331, 0.000316
58341, 0.000426
58351, 0.000853
58361, 0.000377
58371, 0.000384
58381, 0.000315
58391, 0.000373
58401, 0.00079
58411, 0.000501
58421, 0.0004
58431, 0.000378
58441, 0.000528
58451, 0.000648
58461, 0.000975
58471, 0.00035
58481, 0.000402
58491, 0.000484
58501, 0.000647
58511, 0.000337
58521, 0.000433
58531, 0.000528
58541, 0.000508
58551, 0.000372
58561, 0.000517
58571, 0.000448
58581, 0.000425
58591, 0.000322
58601, 0.000545
58611, 0.000493
58621, 0.000576
58631, 0.000526
58641, 0.0005
58651, 0.000493
58661, 0.000519
58671, 0.000486
58681, 0.000499
58691, 0.000493
58701, 0.000372
58711, 0.000372
58721, 0.000375
58731, 0.000373
58741, 0.000546
58751, 0.000363
58761, 0.000378
58771, 0.001175
58781, 0.000415
58791, 0.000581
58801, 0.000373
58811, 0.000387
58821, 0.000381
58831, 0.000877
58841, 0.000336
58851, 0.000511
58861, 0.000537
58871, 0.000386
58881, 0.000369
58891, 0.000558
58901, 0.000475
58911, 0.000499
58921, 0.000508
58931, 0.00051
58941, 0.000343
58951, 0.000757
58961, 0.000406
58971, 0.000498
58981, 0.000499
58991, 0.000392
59001, 0.000558
59011, 0.000559
59021, 0.000518
59031, 0.000363
59041, 0.000334
59051, 0.000496
59061, 0.000348
59071, 0.000317
59081, 0.000452
59091, 0.000533
59101, 0.000913
59111, 0.00051
59121, 0.00041
59131, 0.000514
59141, 0.00055
59151, 0.000399
59161, 0.000341
59171, 0.00052
59181, 0.000381
59191, 0.000584
59201, 0.000506
59211, 0.000495
59221, 0.000518
59231, 0.000576
59241, 0.000392
59251, 0.000507
59261, 0.000425
59271, 0.000546
59281, 0.000502
59291, 0.000399
59301, 0.000513
59311, 0.00124
59321, 0.000398
59331, 0.000523
59341, 0.000376
59351, 0.000814
59361, 0.000344
59371, 0.000528
59381, 0.000371
59391, 0.000517
59401, 0.000366
59411, 0.000528
59421, 0.000506
59431, 0.000375
59441, 0.00045
59451, 0.000809
59461, 0.00033
59471, 0.000381
59481, 0.000377
59491, 0.000498
59501, 0.000375
59511, 0.000384
59521, 0.000345
59531, 0.000527
59541, 0.000455
59551, 0.000545
59561, 0.000339
59571, 0.000318
59581, 0.000323
59591, 0.001426
59601, 0.000386
59611, 0.000398
59621, 0.000386
59631, 0.000332
59641, 0.000427
59651, 0.000583
59661, 0.000511
59671, 0.000425
59681, 0.000601
59691, 0.000575
59701, 0.000534
59711, 0.000378
59721, 0.000316
59731, 0.000496
59741, 0.000481
59751, 0.000497
59761, 0.000427
59771, 0.0005
59781, 0.000499
59791, 0.000523
59801, 0.000398
59811, 0.000533
59821, 0.000392
59831, 0.000499
59841, 0.000553
59851, 0.000396
59861, 0.000379
59871, 0.000402
59881, 0.000563
59891, 0.0004
59901, 0.000325
59911, 0.000424
59921, 0.000369
59931, 0.000361
59941, 0.0004
59951, 0.000389
59961, 0.000403
59971, 0.00034
59981, 0.00042
59991, 0.000369
60001, 0.000367
60011, 0.000371
60021, 0.000361
60031, 0.000328
60041, 0.000418
60051, 0.000317
60061, 0.000368
60071, 0.000379
60081, 0.000505
60091, 0.000696
60101, 0.000496
60111, 0.000505
60121, 0.000503
60131, 0.000317
60141, 0.00056
60151, 0.0003
60161, 0.000373
60171, 0.000327
