10010,0.387228
10010,0.392625
1010,0.02712
1010,0.026251
10110,0.413798
10110,0.412532
10210,0.234564
10210,0.246369
10310,0.339504
10310,0.301954
10410,0.399484
10410,0.571933
10510,0.112647
10510,0.164011
10610,0.33939
10610,0.264651
10710,0.14111
10710,0.146778
10810,0.133737
10810,0.139199
10910,0.317685
10910,0.290715
10,0.000575
10,0.000449
11010,0.317699
11010,0.326763
110,0.003384
110,0.003434
1110,0.024785
1110,0.028167
11110,0.414686
11110,0.395417
11210,0.31408
11210,0.301663
11310,0.252937
11310,0.263727
11410,0.2845
11410,0.289704
11510,0.340236
11510,0.336896
11610,0.33225
11610,0.31827
11710,0.210875
11710,0.207183
11810,0.239275
11810,0.234178
11910,0.473592
11910,0.454509
12010,0.094418
12010,0.079968
1210,0.03497
1210,0.032838
12110,0.233705
12110,0.242158
12210,0.155332
12210,0.162338
12310,0.4084
12310,0.381297
12410,0.20135
12410,0.207847
12510,0.148644
12510,0.145892
12610,0.607784
12610,0.59717
12710,0.435397
12710,0.351399
12810,0.371202
12810,0.365963
12910,0.320794
12910,0.318143
13010,0.208706
13010,0.213149
1310,0.034263
1310,0.031063
13110,0.215335
13110,0.213307
13210,0.345483
13210,0.348794
13310,0.357285
13310,0.336152
13410,0.435948
13410,0.420381
13510,0.263278
13510,0.23329
13610,0.266399
13610,0.270599
13710,0.410283
13710,0.464209
13810,0.134
13810,0.132172
13910,0.472782
13910,0.509974
14010,0.365749
14010,0.371518
1410,0.054822
1410,0.047212
14110,0.497344
14110,0.522562
14210,0.195708
14210,0.200835
14310,0.480901
14310,0.453637
14410,0.467455
14410,0.469009
14510,0.323382
14510,0.329037
14610,0.495232
14610,0.497593
14710,0.215369
14710,0.213869
14810,0.414344
14810,0.41962
14910,0.24043
14910,0.238105
15010,0.499992
15010,0.461954
1510,0.030917
1510,0.031544
15110,0.693677
15110,0.692077
15210,0.404039
15210,0.380365
15310,0.547845
15310,0.560592
15410,0.508028
15410,0.494322
15510,0.531924
15510,0.545759
15610,0.172687
15610,0.184219
15710,0.124423
15710,0.128714
15810,0.204958
15810,0.199792
15910,0.744557
15910,0.783382
16010,0.56555
16010,0.562414
1610,0.036169
1610,0.035229
16110,0.344101
16110,0.335235
16210,0.774323
16210,0.787203
16310,0.314932
16310,0.321095
16410,0.167528
16410,0.172981
16510,0.395124
16510,0.39746
16610,0.880147
16610,0.88224
16710,0.335155
16710,0.335744
16810,0.596089
16810,0.595114
16910,0.414316
16910,0.413177
17010,0.400846
17010,0.345639
1710,0.026193
1710,0.02649
17110,0.872444
17110,0.783223
17210,0.499782
17210,0.495532
17310,0.409014
17310,0.410465
17410,0.193115
17410,0.243719
17510,0.457037
17510,0.45061
17610,0.611758
17610,0.633894
17710,0.759621
17710,0.757914
17810,0.43673
17810,0.466933
17910,0.255406
17910,0.253947
18010,0.505752
18010,0.530945
1810,0.037697
1810,0.028306
18110,0.690056
18110,0.729453
18210,0.767476
18210,0.707949
18310,0.221941
18310,0.216017
18410,0.086239
18410,0.088932
18510,0.254471
18510,0.27168
18610,0.250873
18610,0.251282
18710,0.374241
18710,0.36556
18810,0.204483
18810,0.204609
18910,0.201286
18910,0.203965
19010,0.70689
19010,0.715201
1910,0.011832
1910,0.009844
19110,0.314952
19110,0.31751
19210,0.676087
19210,0.68115
19310,0.099326
19310,0.097126
19410,0.77377
19410,0.787989
19510,0.764756
19510,0.761131
19610,0.570394
19610,0.647607
19710,0.100986
19710,0.098866
19810,0.683277
19810,0.580291
19910,0.479447
19910,0.563815
20010,0.461797
20010,0.408538
2010,0.041159
2010,0.04291
20110,0.50818
20110,0.561634
20210,0.435709
20210,0.476738
20310,0.437338
20310,0.443204
20410,0.30445
20410,0.239951
20510,0.844778
20510,0.858569
20610,0.268165
20610,0.274723
20710,0.657452
20710,0.730958
20810,0.562262
20810,0.544676
20910,0.605155
20910,0.592258
21010,0.345114
21010,0.349671
210,0.006498
210,0.00556
2110,0.011777
2110,0.011784
21110,0.509053
21110,0.506103
21210,0.557975
21210,0.549324
21310,0.524215
21310,0.509909
21410,0.209181
21410,0.215348
21510,0.35998
21510,0.373802
21610,0.240363
21610,0.2371
21710,0.241903
21710,0.243502
21810,0.633955
21810,0.63136
21910,0.547314
21910,0.549135
22010,0.86301
22010,0.852215
2210,0.038812
2210,0.041487
22110,0.647808
22110,0.663909
22210,0.308813
22210,0.307392
22310,0.194388
22310,0.193887
22410,0.656698
22410,0.632088
22510,0.491675
22510,0.481127
22610,0.948768
22610,0.927948
22710,0.825263
22710,0.844681
22810,0.580824
22810,0.575567
22910,0.62799
22910,0.637294
23010,0.322509
23010,0.321759
2310,0.043609
2310,0.040074
23110,0.533836
23110,0.532494
23210,0.461709
23210,0.462148
23310,0.534259
23310,0.538027
23410,0.391945
23410,0.392925
23510,0.560682
23510,0.556798
23610,0.932976
23610,0.937554
23710,0.480438
23710,0.480518
23810,1.19567
23810,1.19508
23910,0.531527
23910,0.520604
24010,0.138459
24010,0.138333
2410,0.05138
2410,0.048819
24110,0.984823
24110,0.977151
24210,0.630648
24210,0.622821
24310,0.895087
24310,0.890867
24410,0.340874
24410,0.347163
24510,1.02459
24510,1.01399
24610,0.877407
24610,0.868042
24710,0.628293
24710,0.61524
24810,0.517775
24810,0.484958
24910,0.348424
24910,0.345411
25010,0.762092
25010,0.761002
2510,0.056702
2510,0.055615
25110,0.501241
25110,0.589861
25210,1.24123
25210,1.22739
25310,0.612528
25310,0.61244
25410,0.377736
25410,0.374325
25510,0.436965
25510,0.433149
25610,0.501845
25610,0.50069
25710,0.812201
25710,0.811607
25810,0.366861
25810,0.366772
25910,0.551241
25910,0.552075
26010,0.804854
26010,0.809079
2610,0.068335
2610,0.064466
26110,0.390958
26110,0.389967
26210,1.20333
26210,1.20598
26310,0.399431
26310,0.400852
26410,0.371632
26410,0.370821
26510,0.662062
26510,0.671587
26610,1.19835
26610,1.20023
26710,0.69227
26710,0.686299
26810,0.975987
26810,0.973884
26910,0.848973
26910,0.861081
27010,1.09327
27010,1.08316
2710,0.04685
2710,0.046512
27110,0.533719
27110,0.54739
27210,0.55711
27210,0.545304
27310,1.24779
27310,1.23506
27410,0.762858
27410,0.755758
27510,0.576163
27510,0.576529
27610,0.385111
27610,0.388849
27710,0.31127
27710,0.309142
27810,0.959499
27810,0.95898
27910,0.845868
27910,0.843271
28010,0.962138
28010,0.954227
2810,0.066565
2810,0.06568
28110,1.0028
28110,1.01096
28210,0.728961
28210,0.712835
28310,0.816202
28310,0.8141
28410,0.786304
28410,0.733212
28510,1.22682
28510,1.2124
28610,0.322121
28610,0.321022
28710,0.54092
28710,0.562842
28810,0.317982
28810,0.320214
28910,0.676386
28910,0.671227
29010,0.464463
29010,0.467154
2910,0.02852
2910,0.027531
29110,0.423542
29110,0.430909
29210,0.325271
29210,0.327986
29310,0.915237
29310,0.957436
29410,0.892124
29410,0.912091
29510,1.19916
29510,1.17872
29610,0.813124
29610,0.796845
29710,0.534745
29710,0.528649
29810,0.628456
29810,0.523151
29910,0.576245
29910,0.628845
30010,0.52619
30010,0.425844
3010,0.054027
3010,0.053548
30110,1.12992
30110,1.12883
30210,1.17205
30210,1.10601
30310,1.64308
30310,1.63846
30410,0.44101
30410,0.446534
30510,0.844086
30510,0.832097
30610,0.944329
30610,0.93665
30710,0.713169
30710,0.710152
30810,0.969843
30810,0.984411
30910,0.165897
30910,0.16271
31010,0.463717
31010,0.457841
310,0.008755
310,0.006594
3110,0.070906
3110,0.070603
31110,0.829238
31110,0.82182
31210,0.886818
31210,0.890748
31310,0.350269
31310,0.345908
31410,0.534029
31410,0.531969
31510,0.484162
31510,0.491677
31610,0.450247
31610,0.461244
31710,1.05626
31710,1.01701
31810,0.45275
31810,0.452375
31910,1.16874
31910,1.16766
32010,0.579157
32010,0.58077
3210,0.068022
3210,0.066762
32110,0.998634
32110,0.98338
32210,0.989561
32210,0.980938
32310,1.08628
32310,1.0899
32410,1.42479
32410,1.44684
32510,0.447584
32510,0.453638
32610,1.31838
32610,1.3566
32710,0.569347
32710,0.571523
32810,0.188601
32810,0.1893
32910,0.936968
32910,0.942136
33010,1.2634
33010,1.26879
3310,0.065794
3310,0.062398
33110,0.545973
33110,0.541109
33210,0.439775
33210,0.446815
33310,0.879794
33310,0.872289
33410,1.02006
33410,1.04023
33510,1.07998
33510,1.03521
33610,1.09036
33610,1.08505
33710,0.770903
33710,0.758468
33810,0.870223
33810,0.867443
33910,0.776389
33910,0.848307
34010,0.761274
34010,0.653805
3410,0.11779
3410,0.122103
34110,1.31235
34110,1.29889
34210,1.13678
34210,1.1332
34310,1.01316
34310,1.01758
34410,1.80768
34410,1.81031
34510,1.23053
34510,1.18635
34610,0.294691
34610,0.294588
34710,0.698213
34710,0.684379
34810,0.922827
34810,0.928061
34910,0.476333
34910,0.467075
35010,1.20569
35010,1.20198
3510,0.103232
3510,0.103672
35110,0.707692
35110,0.697609
35210,0.274838
35210,0.277307
35310,1.15815
35310,1.15793
35410,0.570505
35410,0.571797
35510,1.32222
35510,1.3236
35610,0.977481
35610,0.987999
35710,0.893348
35710,0.886777
35810,1.44401
35810,1.44623
35910,1.2324
35910,1.24594
36010,1.6712
36010,1.67233
3610,0.070505
3610,0.062937
36110,0.793118
36110,0.759423
36210,1.25606
36210,1.2587
36310,0.964733
36310,0.97399
36410,0.172066
36410,0.173607
36510,1.33112
36510,1.33427
36610,0.835375
36610,0.841174
36710,1.04603
36710,1.037
36810,0.97905
36810,1.00277
36910,0.886729
36910,0.887164
37010,0.524309
37010,0.519754
3710,0.12097
3710,0.119008
37110,1.29236
37110,1.30719
37210,1.48895
37210,1.49409
37310,0.960024
37310,0.968361
37410,1.47039
37410,1.48018
37510,0.968761
37510,0.961202
37610,0.818353
37610,0.809614
37710,1.46911
37710,1.45962
37810,0.543511
37810,0.548599
37910,1.16094
37910,1.17159
38010,0.611807
38010,0.600205
3810,0.124796
3810,0.130053
38110,1.08202
38110,1.08582
38210,0.26124
38210,0.247168
38310,0.896512
38310,0.882931
38410,0.298927
38410,0.286691
38510,1.77995
38510,1.76478
38610,1.54008
38610,1.60878
38710,0.195358
38710,0.198613
38810,1.12685
38810,1.13356
38910,0.849935
38910,0.847523
39010,0.77402
39010,0.767389
3910,0.07673
3910,0.074329
39110,0.885477
39110,0.879679
39210,0.774611
39210,0.77667
39310,0.792817
39310,0.80011
39410,0.692392
39410,0.677061
39510,1.09295
39510,1.08934
39610,0.441777
39610,0.438663
39710,1.81432
39710,1.80521
39810,1.09815
39810,1.11239
39910,0.790925
39910,0.793572
40010,0.483191
40010,0.47962
4010,0.073939
4010,0.072384
40110,0.915285
40110,0.903384
40210,0.470476
40210,0.470037
40310,1.22792
40310,1.21701
40410,0.56049
40410,0.562593
40510,1.35917
40510,1.3536
40610,1.32237
40610,1.36724
40710,1.49293
40710,1.42962
40810,1.44917
40810,1.44282
40910,0.940344
40910,0.950249
41010,0.834439
41010,0.818621
410,0.014265
410,0.010476
4110,0.202743
4110,0.207675
41110,0.723491
41110,0.719552
41210,1.3864
41210,1.37516
41310,0.705113
41310,0.701738
41410,0.822628
41410,0.826851
41510,0.233808
41510,0.230126
41610,1.49032
41610,1.47238
41710,1.14977
41710,1.12686
41810,0.897037
41810,0.902041
41910,1.93741
41910,1.95164
42010,0.597981
42010,0.592457
4210,0.056299
4210,0.053312
42110,0.804733
42110,0.815622
42210,0.757405
42210,0.762779
42310,0.793085
42310,0.789601
42410,0.911563
42410,0.911903
42510,0.551092
42510,0.553131
42610,1.39747
42610,1.22353
42710,1.24429
42710,1.2388
42810,1.35455
42810,1.36508
42910,0.679095
42910,0.678207
43010,1.27266
43010,1.26818
4310,0.093851
4310,0.094559
43110,0.759665
43110,0.756487
43210,0.990377
43210,0.985549
43310,1.83737
43310,1.82536
43410,1.1982
43410,1.19365
43510,1.02618
43510,1.02147
43610,1.59977
43610,1.59715
43710,1.47799
43710,1.48043
43810,0.486384
43810,0.490139
43910,1.61104
43910,1.61416
44010,0.864299
44010,0.863577
4410,0.056747
4410,0.055381
44110,0.471222
44110,0.47247
44210,1.02027
44210,1.03408
44310,1.06985
44310,1.0713
44410,0.472548
44410,0.484753
44510,0.475486
44510,0.481534
44610,0.997312
44610,0.994447
44710,1.35691
44710,1.32023
44810,1.75416
44810,1.97175
44910,1.94585
44910,1.83002
45010,0.887505
45010,0.888259
4510,0.071576
4510,0.06905
45110,0.534916
45110,0.541774
45210,0.956887
45210,0.795006
45310,2.26743
45310,2.25921
45410,1.76911
45410,1.73074
45510,1.77851
45510,1.76779
45610,0.541388
45610,0.53821
45710,1.10703
45710,1.0879
45810,0.753297
45810,0.753939
45910,1.67358
45910,1.68675
46010,1.83872
46010,1.83673
4610,0.088769
4610,0.08573
46110,0.661305
46110,0.663977
46210,0.635062
46210,0.641494
46310,0.828779
46310,0.821681
46410,0.362208
46410,0.355352
46510,0.571025
46510,0.564518
46610,1.26752
46610,1.27607
46710,0.954092
46710,0.95231
46810,0.724054
46810,0.723726
46910,0.65256
46910,0.654551
47010,1.84789
47010,1.87565
4710,0.081383
4710,0.081675
47110,0.866404
47110,0.861817
47210,1.12911
47210,1.12604
47310,1.17912
47310,1.18135
47410,1.00499
47410,0.998063
47510,0.828193
47510,0.85904
47610,0.674474
47610,0.666918
47710,2.11396
47710,2.09277
47810,1.8366
47810,1.846
47910,0.559998
47910,0.56355
48010,0.469043
48010,0.464694
4810,0.142715
4810,0.14437
48110,1.12666
48110,1.13243
48210,1.4939
48210,1.50501
48310,1.18594
48310,1.18125
48410,0.252787
48410,0.254506
48510,1.75912
48510,1.84312
48610,1.48121
48610,1.49175
48710,0.989831
48710,0.994269
48810,2.13647
48810,2.18889
48910,0.750988
48910,0.729503
49010,1.19054
49010,1.19839
4910,0.041386
4910,0.040287
49110,1.84585
49110,1.8468
49210,0.862149
49210,0.848209
49310,1.17999
49310,1.16233
49410,0.535369
49410,0.571692
49510,1.57929
49510,1.5995
49610,0.99344
49610,1.00123
49710,1.25646
49710,1.2564
49810,1.23266
49810,1.23822
49910,0.818686
49910,0.854996
50010,1.67866
50010,1.68105
5010,0.030098
5010,0.028209
50110,2.21909
50110,2.24978
50210,0.818091
50210,0.817127
50310,0.73872
50310,0.747929
50410,1.17232
50410,1.19236
50510,1.07339
50510,1.06291
50610,1.21033
50610,1.20624
50710,1.02582
50710,1.02522
50810,1.39547
50810,1.37498
50910,0.36079
50910,0.364152
51010,1.22749
51010,1.22507
510,0.004118
510,0.003816
5110,0.106524
5110,0.109549
51110,1.08891
51110,1.09515
51210,0.810524
51210,0.80807
51310,1.26973
51310,1.26309
51410,1.19318
51410,1.19981
51510,0.760001
51510,0.761594
51610,1.88204
51610,1.88466
51710,1.33855
51710,1.33077
51810,1.59106
51810,1.59408
51910,0.85887
51910,0.855372
52010,1.82272
52010,1.82306
5210,0.139614
5210,0.133541
52110,1.39537
52110,1.39501
52210,1.32893
52210,1.32189
52310,1.11652
52310,1.11627
52410,0.964151
52410,0.970456
52510,1.20253
52510,1.1997
52610,1.60527
52610,1.61385
52710,2.32911
52710,2.3233
52810,1.35619
52810,1.36576
52910,1.96946
52910,1.91992
53010,0.609771
53010,0.610233
5310,0.168344
5310,0.16775
53110,0.657941
53110,0.655568
53210,1.70115
53210,1.7058
53310,1.76648
53310,1.77059
53410,0.781715
53410,0.787175
53510,0.289903
53510,0.289261
53610,1.67453
53610,1.66196
53710,0.757958
53710,0.76755
53810,1.89433
53810,1.89042
53910,0.676331
53910,0.672607
54010,0.976252
54010,0.969108
5410,0.164516
5410,0.162519
54110,2.24128
54110,2.2316
54210,0.962731
54210,1.0228
54310,0.788773
54310,0.789964
54410,0.60761
54410,0.601933
54510,0.805025
54510,0.809794
54610,1.92804
54610,1.97425
54710,1.2742
54710,1.2751
54810,1.41504
54810,1.39146
54910,1.28747
54910,1.26874
55010,1.25492
55010,1.26107
5510,0.060727
5510,0.061713
55110,1.14941
55110,1.17015
55210,1.89652
55210,1.89049
55310,1.12656
55310,1.12573
55410,0.945091
55410,1.02271
55510,0.342468
55510,0.336638
55610,0.960632
55610,0.94629
55710,0.792869
55710,0.785852
55810,0.632469
55810,0.618687
55910,0.809923
55910,0.812271
56010,1.53585
56010,1.47953
5610,0.073907
5610,0.075523
56110,0.709596
56110,0.691083
56210,1.26571
56210,1.28746
56310,0.871992
56310,0.857587
56410,0.294526
56410,0.292348
56510,1.05044
56510,1.04113
56610,0.922231
56610,0.932144
56710,1.84476
56710,1.85083
56810,1.00039
56810,1.00859
56910,2.00514
56910,1.99279
57010,1.87245
57010,1.88753
5710,0.16551
5710,0.167164
57110,2.44795
57110,2.4462
57210,1.56845
57210,1.56638
57310,1.57132
57310,1.54747
57410,1.16992
57410,1.1667
57510,1.23617
57510,1.17415
57610,1.21682
57610,1.21934
57710,1.73893
57710,1.75414
57810,2.01009
57810,2.01471
57910,1.57381
57910,1.57136
58010,0.322786
58010,0.321337
5810,0.111112
5810,0.115079
58110,1.67874
58110,1.67134
58210,1.46659
58210,1.45668
58310,0.685061
58310,0.662345
58410,0.82324
58410,0.811758
58510,2.92076
58510,2.9271
58610,1.39449
58610,1.40145
58710,2.17795
58710,2.18634
58810,1.27182
58810,1.27262
58910,0.309873
58910,0.311842
59010,1.75173
59010,1.7466
5910,0.078963
5910,0.075251
59110,2.25138
59110,2.24378
59210,1.97511
59210,2.02139
59310,1.43044
59310,1.4284
59410,0.629377
59410,0.638577
59510,1.68491
59510,1.69907
59610,0.354275
59610,0.352265
59710,0.374033
59710,0.374324
59810,2.46717
59810,2.48217
59910,2.10799
59910,2.10764
60010,2.72808
60010,2.72361
6010,0.132094
6010,0.129286
60110,1.43243
60110,1.4679
60210,2.47412
60210,2.43893
60310,1.08064
60310,1.07374
60410,0.564275
60410,0.567101
60510,0.839485
60510,0.844287
60610,0.651198
60610,0.637656
60710,0.349283
60710,0.347396
60810,1.21278
60810,1.20668
60910,1.27614
60910,1.27275
61010,1.2349
61010,1.23033
610,0.013202
610,0.012141
6110,0.07847
6110,0.071066
61110,1.42036
61110,1.41999
61210,2.05274
61210,2.03226
61310,2.23871
61310,2.23603
61410,1.67561
61410,1.66112
61510,2.26458
61510,2.25181
61610,1.19437
61610,1.18789
61710,1.60288
61710,1.59425
61810,1.97204
61810,1.98602
61910,2.18121
61910,2.2138
62010,0.703786
62010,0.707271
6210,0.280269
6210,0.293618
62110,1.31976
62110,1.31839
62210,2.00987
62210,2.1393
62310,2.18396
62310,2.15377
62410,1.85746
62410,1.84976
62510,2.35508
62510,2.34176
62610,1.27557
62610,1.26151
62710,1.8372
62710,1.83229
62810,2.05407
62810,2.05432
62910,0.682479
62910,0.68309
63010,2.16469
63010,2.16441
6310,0.181825
6310,0.186915
63110,1.51781
63110,1.48403
63210,2.09061
63210,2.07643
63310,1.27745
63310,1.26987
63410,2.44993
63410,2.44536
63510,4.14543
63510,4.13399
63610,1.19996
63610,1.21216
63710,0.711146
63710,0.714745
63810,1.34373
63810,1.32485
63910,1.86706
63910,1.85864
64010,0.813506
64010,0.811307
6410,0.190209
6410,0.191861
64110,2.42903
64110,2.43471
64210,1.86707
64210,1.88675
64310,0.327332
64310,0.335339
64410,2.66211
64410,2.66041
64510,1.39763
64510,1.40819
64610,1.20465
64610,1.23538
64710,1.89303
64710,1.88979
64810,1.91415
64810,1.9507
64910,2.17428
64910,2.17798
65010,2.37873
65010,2.37973
6510,0.070979
6510,0.068102
65110,3.29112
65110,3.2993
65210,0.370248
65210,0.375687
65310,0.988674
65310,0.985318
65410,2.91997
65410,2.79371
65510,1.34023
65510,1.33497
65610,1.32367
65610,1.31989
65710,1.53662
65710,1.55661
65810,2.21266
65810,2.18881
65910,0.749785
65910,0.753317
66010,1.7658
66010,1.77304
6610,0.105497
6610,0.105913
66110,1.05323
66110,1.05616
66210,0.937317
66210,0.944957
66310,1.81446
66310,1.81908
66410,2.16073
66410,2.17393
66510,1.34807
66510,1.36408
66610,1.15982
66610,1.14934
66710,1.91824
66710,1.90321
66810,0.936775
66810,0.94102
66910,1.19721
66910,1.19907
67010,1.78709
67010,1.84544
6710,0.188635
6710,0.176744
67110,1.12955
67110,1.12282
67210,1.97299
67210,1.96423
67310,1.75787
67310,1.75471
67410,1.52605
67410,1.52467
67510,1.22149
67510,1.23095
67610,2.7883
67610,2.80694
67710,1.58794
67710,1.6057
67810,2.6634
67810,2.70637
67910,0.944336
67910,0.946214
68010,2.52483
68010,2.51863
6810,0.036212
6810,0.035906
68110,1.00449
68110,0.997436
68210,1.81502
68210,1.81755
68310,1.55954
68310,1.56238
68410,1.95454
68410,1.95601
68510,2.00414
68510,1.99695
68610,1.93609
68610,1.93282
68710,3.07897
68710,3.05953
68810,0.719761
68810,0.724143
68910,0.350474
68910,0.351683
69010,2.59487
69010,2.59441
6910,0.192891
6910,0.191821
69110,0.738864
69110,0.724447
69210,0.962248
69210,0.975962
69310,0.361077
69310,0.360165
69410,1.32842
69410,1.32405
69510,2.06364
69510,2.05416
69610,1.62447
69610,1.57746
69710,0.853335
69710,0.838759
69810,2.3104
69810,2.32147
69910,2.08804
69910,2.06448
70010,0.974111
70010,0.958391
7010,0.247762
7010,0.246142
70110,1.9949
70110,1.88982
70210,2.62335
70210,2.63727
70310,1.16358
70310,1.1612
70410,2.86296
70410,2.84385
70510,0.785051
70510,0.789566
70610,2.79509
70610,2.79551
70710,2.13713
70710,2.17718
70810,1.70271
70810,1.70253
70910,1.16416
70910,1.18413
71010,2.47516
71010,2.43203
710,0.011809
710,0.011747
7110,0.138992
7110,0.141679
71110,1.61167
71110,1.62321
71210,1.11191
71210,1.15483
71310,0.829127
71310,0.825418
71410,2.40979
71410,2.42461
71510,1.52698
71510,1.52242
71610,1.30896
71610,1.2545
71710,1.77866
71710,1.73934
71810,1.78888
71810,1.78854
71910,2.21495
71910,2.19822
72010,1.60189
72010,1.58653
7210,0.038554
7210,0.033294
72110,1.2878
72110,1.31056
72210,1.72984
72210,1.75301
72310,2.16356
72310,2.14816
72410,1.18533
72410,1.18324
72510,2.44882
72510,2.44703
72610,2.48633
72610,2.49439
72710,0.368707
72710,0.368558
72810,1.24011
72810,1.25072
72910,3.13406
72910,3.05159
73010,2.62269
73010,2.62936
7310,0.308034
7310,0.309158
73110,2.79324
73110,2.79461
73210,2.01048
73210,2.53411
73310,3.51975
73310,3.70396
73410,3.44611
73410,3.33491
73510,1.01496
73510,1.01248
73610,1.35261
73610,1.3804
73710,2.49602
73710,2.44389
73810,1.80759
73810,1.79589
73910,3.79728
73910,3.86828
74010,1.02035
74010,1.00479
7410,0.251971
7410,0.26072
74110,2.07712
74110,2.11092
74210,3.97892
74210,3.8009
74310,1.31982
74310,1.3157
74410,2.49031
74410,2.50492
74510,3.17189
74510,3.10116
74610,3.14898
74610,2.93086
74710,1.81891
74710,1.86969
74810,2.77594
74810,2.77825
74910,2.11607
74910,2.12213
75010,3.52357
75010,3.51318
7510,0.107414
7510,0.109275
75110,3.44673
75110,3.31771
75210,1.44432
75210,1.43342
75310,1.91235
75310,1.92295
75410,1.03306
75410,1.03022
75510,0.461433
75510,0.450994
75610,2.57498
75610,2.60491
75710,4.92026
75710,5.02345
75810,2.09641
75810,2.10508
75910,1.56561
75910,1.52015
76010,3.40851
76010,3.47944
7610,0.238157
7610,0.238166
76110,1.08537
76110,1.18843
76210,2.99653
76210,2.53034
76310,1.46882
76310,1.47733
76410,1.88343
76410,1.88739
76510,1.22832
76510,1.24807
76610,2.85921
76610,2.86535
76710,1.82289
76710,1.82701
76810,2.04359
76810,2.03011
76910,2.27862
76910,2.40292
77010,1.75413
77010,1.74424
7710,0.241157
7710,0.239913
77110,2.96901
77110,3.13047
77210,2.11218
77210,2.07029
77310,2.20154
77310,2.28565
77410,3.50115
77410,3.3642
77510,2.15215
77510,1.84077
77610,3.40951
77610,3.41425
77710,1.09664
77710,1.12243
77810,2.48141
77810,2.47424
77910,3.19526
77910,3.19546
78010,2.09257
78010,2.10907
7810,0.181267
7810,0.178129
78110,1.88171
78110,1.88297
78210,2.11525
78210,2.10933
78310,3.52268
78310,3.5143
78410,3.68335
78410,3.59039
78510,2.37924
78510,2.3693
78610,2.0659
78610,2.07172
78710,3.1323
78710,3.15389
78810,2.57495
78810,2.55513
78910,2.09482
78910,2.10054
79010,1.83607
79010,1.83017
7910,0.28659
7910,0.281148
79110,3.60647
79110,3.4667
79210,2.91612
79210,2.85541
79310,3.21308
79310,3.21644
79410,1.3475
79410,1.51806
79510,1.65396
79510,1.66657
79610,2.5897
79610,2.63199
79710,3.19235
79710,3.19827
79810,2.56478
79810,2.57566
79910,1.26884
79910,1.26918
80010,0.94365
80010,0.954601
8010,0.311776
8010,0.297237
80110,1.53083
80110,1.46693
80210,2.39407
80210,2.39499
80310,2.87627
80310,3.33536
80410,1.32992
80410,1.39266
80510,1.72304
80510,1.80007
80610,2.12918
80610,2.1199
80710,3.06454
80710,3.06686
80810,1.46221
80810,1.41593
80910,3.82355
80910,3.87634
81010,2.55084
81010,2.55183
810,0.00978
810,0.007631
8110,0.045318
8110,0.045795
81110,1.89244
81110,1.89071
81210,3.1345
81210,3.09534
81310,1.90139
81310,1.89243
81410,1.8862
81410,1.91547
81510,1.14753
81510,1.15368
81610,1.93883
81610,1.94816
81710,0.550354
81710,0.549585
81810,2.37745
81810,2.383
81910,2.80955
81910,2.81563
82010,0.938251
82010,0.94638
8210,0.174622
8210,0.175874
82110,0.925252
82110,0.924963
82210,1.73432
82210,1.76553
82310,1.4221
82310,1.4142
82410,2.0649
82410,2.05519
82510,2.39482
82510,2.42492
82610,2.1039
82610,2.10023
82710,1.42395
82710,1.43087
82810,1.60101
82810,1.638
82910,1.68834
82910,1.75332
83010,3.7906
83010,3.78936
8310,0.154479
8310,0.152472
83110,1.54446
83110,1.55652
83210,1.56019
83210,1.55886
83310,1.92543
83310,1.93411
83410,3.86265
83410,3.85044
83510,1.20807
83510,1.22137
83610,1.46654
83610,1.51957
83710,2.25618
83710,2.26966
83810,2.30152
83810,2.3052
83910,1.51208
83910,1.51125
84010,0.454494
84010,0.452424
8410,0.223312
8410,0.229234
84110,0.448482
84110,0.447638
84210,1.4161
84210,1.41616
84310,2.08684
84310,2.12807
84410,1.358
84410,1.36375
84510,0.45148
84510,0.450124
84610,2.32734
84610,2.33258
84710,1.7528
84710,1.76514
84810,2.70503
84810,2.69522
84910,2.47364
84910,2.46243
85010,2.12514
85010,2.12178
8510,0.046062
8510,0.042486
85110,1.93649
85110,1.95572
85210,0.81017
85210,0.801671
85310,1.99081
85310,1.99964
85410,1.23851
85410,1.22975
85510,3.95309
85510,4.0108
85610,1.35404
85610,1.34322
85710,3.76415
85710,3.78037
85810,2.75188
85810,2.74488
85910,1.98777
85910,2.02492
86010,1.62845
86010,1.64295
8610,0.189381
8610,0.187712
86110,2.31295
86110,2.31984
86210,1.23618
86210,1.24595
86310,2.00673
86310,2.0105
86410,1.78443
86410,1.78895
86510,1.00585
86510,1.00961
86610,3.0712
86610,3.08954
86710,1.25674
86710,1.25206
86810,1.77122
86810,1.77468
86910,1.15158
86910,1.15191
87010,1.24861
87010,1.25691
8710,0.102932
8710,0.102304
87110,2.37472
87110,2.38095
87210,0.446236
87210,0.447182
87310,1.78945
87310,1.79055
87410,1.27132
87410,1.28039
87510,1.56172
87510,1.57461
87610,2.82447
87610,2.83922
87710,0.981221
87710,0.981318
87810,4.55023
87810,4.50994
87910,4.3749
87910,4.37341
88010,3.45138
88010,3.40764
8810,0.192049
8810,0.192589
88110,2.19869
88110,2.19467
88210,1.47569
88210,1.48429
88310,1.15404
88310,1.13328
88410,1.0375
88410,1.05
88510,2.3271
88510,2.32869
88610,1.20957
88610,1.20986
88710,2.82244
88710,2.80538
88810,3.86489
88810,3.877
88910,2.30735
88910,2.31747
89010,1.1901
89010,1.19836
8910,0.37261
8910,0.364787
89110,2.35868
89110,2.35756
89210,2.86175
89210,2.86915
89310,3.53337
89310,3.57524
89410,2.32285
89410,2.4218
89510,1.94437
89510,1.95527
89610,1.66701
89610,1.67507
89710,1.69814
89710,1.70297
89810,2.45758
89810,2.44813
89910,3.32423
89910,3.32567
90010,3.04238
90010,3.05092
9010,0.28102
9010,0.278348
90110,1.55267
90110,1.55938
90210,1.28677
90210,1.28149
90310,1.46852
90310,1.5068
90410,0.72752
90410,0.727359
90510,2.05107
90510,2.03455
90610,3.76141
90610,3.78371
90710,1.54887
90710,1.51532
90810,2.96354
90810,2.94096
90910,1.41291
90910,1.42281
91010,4.41102
91010,4.47755
910,0.013195
910,0.013404
9110,0.102785
9110,0.101575
91110,2.99395
91110,2.98564
91210,3.87023
91210,3.84813
91310,2.56292
91310,2.57447
91410,2.75031
91410,2.75088
91510,1.05473
91510,1.0555
91610,4.51185
91610,4.48002
91710,2.02272
91710,1.99473
91810,3.53822
91810,3.57057
91910,1.77985
91910,1.78467
92010,2.22998
92010,2.23826
9210,0.19948
9210,0.203895
92110,1.08164
92110,1.09187
92210,1.02107
92210,1.01725
92310,2.48736
92310,2.47115
92410,2.18529
92410,2.16507
92510,2.74874
92510,2.73139
92610,1.60593
92610,1.59259
92710,2.73756
92710,2.77988
92810,1.40319
92810,1.39801
92910,2.90362
92910,2.89907
93010,1.54797
93010,1.51614
9310,0.088474
9310,0.082653
93110,1.62435
93110,1.61888
93210,1.9301
93210,1.94148
93310,3.24672
93310,3.28531
93410,3.89519
93410,3.87006
93510,2.11794
93510,2.13482
93610,2.28085
93610,2.27984
93710,4.11902
93710,4.10884
93810,2.80492
93810,2.80239
93910,2.48868
93910,2.4894
94010,1.93864
94010,1.93374
9410,0.170692
9410,0.177064
94110,2.39453
94110,2.43627
94210,3.60061
94210,3.55382
94310,1.51272
94310,1.51268
94410,2.11644
94410,2.16794
94510,1.54721
94510,1.59703
94610,2.20871
94610,2.23874
94710,2.45713
94710,2.45046
94810,2.81367
94810,2.83254
94910,3.31393
94910,3.32605
95010,4.16878
95010,4.16899
9510,0.172352
9510,0.175652
95110,1.86801
95110,1.86094
95210,2.82655
95210,2.8428
95310,4.50008
95310,4.50868
95410,3.2708
95410,3.31319
95510,2.91478
95510,2.90741
95610,1.11952
95610,1.10407
95710,2.94298
95710,2.97221
95810,1.68766
95810,1.68409
95910,4.19113
95910,4.18102
96010,2.90514
96010,2.90082
9610,0.268199
9610,0.27552
96110,1.23916
96110,1.24399
96210,1.22211
96210,1.22377
96310,1.99163
96310,2.00394
96410,1.18648
96410,1.20616
96510,1.43367
96510,1.42453
96610,3.62902
96610,3.65114
96710,2.55677
96710,2.5606
96810,1.98895
96810,1.99664
96910,3.60518
96910,3.6322
97010,5.17434
97010,5.20402
9710,0.344353
9710,0.347917
97110,2.06711
97110,2.08222
97210,1.98815
97210,1.99589
97310,3.20908
97310,3.22088
97410,1.52853
97410,1.54936
97510,2.66295
97510,2.67239
97610,1.81266
97610,1.80365
97710,2.18431
97710,2.18306
97810,2.23327
97810,2.2197
97910,0.742856
97910,0.735962
98010,4.85044
98010,4.84092
9810,0.135575
9810,0.134411
98110,3.19276
98110,3.22765
98210,2.22416
98210,2.13538
98310,3.73821
98310,3.47004
98410,1.79138
98410,1.78833
98510,1.19777
98510,1.19758
98610,1.24398
98610,1.23636
98710,1.69567
98710,1.70068
98810,2.66433
98810,2.65698
98910,2.67111
98910,2.64407
99010,2.12446
99010,2.04363
9910,0.226025
9910,0.232871
99110,2.12504
99110,2.11332
99210,1.05369
99210,1.05023
99310,3.06558
99310,3.05208
99410,0.894416
99410,0.884896
99510,3.34581
99510,3.30303
99610,2.83239
99610,2.87962
99710,2.68523
99710,2.66666
99810,2.39398
99810,2.35836
99910,3.99976
99910,3.95638
